data	data	556300	446804	1.03121e+06	836420	166484	245936	391672	300024	74508	16876	210740	256776	226016	196140	166336	101492	150932	113384	784152	717532	143972	147696	268036	455716	64496	146568	132776	150136	495488	435524	361188	507424	93500	433548	207464	202852	361096	288148	138004	159552	69024	77472	226584	339316	191228	257152	253884	226400	130540	250780	357344	205692	156640	47484	343028	264636	189592	220624	69200	99136	170172	124748	103116	123808	115256	126520	325232	356544	199220	176468	450816	447100	403296	287104	106264	36152	234660	168124	83276	17104	171272	127004	40128	33724	261908	262040	10708	18644	227180	176344	424656	419580	310964	285704	56284	41168	328312	202928	433692	381672	254948	94492	313088	261160	131224	205188	24572	16444	31492	64748	270916	205180	165836	223844	154324	20188	
data	data	Precentral_L	Precentral_R	Frontal_Sup_L	Frontal_Sup_R	Frontal_Sup_Orb_L	Frontal_Sup_Orb_R	Frontal_Mid_L	Frontal_Mid_R	Frontal_Mid_Orb_L	Frontal_Mid_Orb_R	Frontal_Inf_Oper_L	Frontal_Inf_Oper_R	Frontal_Inf_Tri_L	Frontal_Inf_Tri_R	Frontal_Inf_Orb_L	Frontal_Inf_Orb_R	Rolandic_Oper_L	Rolandic_Oper_R	Supp_Motor_Area_L	Supp_Motor_Area_R	Olfactory_L	Olfactory_R	Frontal_Sup_Medial_L	Frontal_Sup_Medial_R	Frontal_Med_Orb_L	Frontal_Med_Orb_R	Rectus_L	Rectus_R	Insula_L	Insula_R	Cingulum_Ant_L	Cingulum_Ant_R	Cingulum_Mid_L	Cingulum_Mid_R	Cingulum_Post_L	Cingulum_Post_R	Hippocampus_L	Hippocampus_R	ParaHippocampal_L	ParaHippocampal_R	Amygdala_L	Amygdala_R	Calcarine_L	Calcarine_R	Cuneus_L	Cuneus_R	Lingual_L	Lingual_R	Occipital_Sup_L	Occipital_Sup_R	Occipital_Mid_L	Occipital_Mid_R	Occipital_Inf_L	Occipital_Inf_R	Fusiform_L	Fusiform_R	Postcentral_L	Postcentral_R	Parietal_Sup_L	Parietal_Sup_R	Parietal_Inf_L	Parietal_Inf_R	SupraMarginal_L	SupraMarginal_R	Angular_L	Angular_R	Precuneus_L	Precuneus_R	Paracentral_Lobule_L	Paracentral_Lobule_R	Caudate_L	Caudate_R	Putamen_L	Putamen_R	Pallidum_L	Pallidum_R	Thalamus_L	Thalamus_R	Heschl_L	Heschl_R	Temporal_Sup_L	Temporal_Sup_R	Temporal_Pole_Sup_L	Temporal_Pole_Sup_R	Temporal_Mid_L	Temporal_Mid_R	Temporal_Pole_Mid_L	Temporal_Pole_Mid_R	Temporal_Inf_L	Temporal_Inf_R	Cerebelum_Crus1_L	Cerebelum_Crus1_R	Cerebelum_Crus2_L	Cerebelum_Crus2_R	Cerebelum_3_L	Cerebelum_3_R	Cerebelum_4_5_L	Cerebelum_4_5_R	Cerebelum_6_L	Cerebelum_6_R	Cerebelum_7b_L	Cerebelum_7b_R	Cerebelum_8_L	Cerebelum_8_R	Cerebelum_9_L	Cerebelum_9_R	Cerebelum_10_L	Cerebelum_10_R	Vermis_1_2	Vermis_3	Vermis_4_5	Vermis_6	Vermis_7	Vermis_8	Vermis_9	Vermis_10	
556300	Precentral_L	0	13860	23384	4654	0	0	20592	3134	0	0	12002	538	1406	352	0	0	6440	140	23674	12878	0	0	0	0	0	0	0	0	10008	652	2228	428	460	3204	9522	7460	8094	5654	540	2142	0	0	334	0	154	0	180	0	0	0	1492	0	746	0	366	468	22112	370	0	0	4324	0	742	0	292	0	1024	230	14050	5788	9726	2014	4868	358	1414	202	24422	3366	3414	0	528	0	0	0	982	0	0	0	738	0	0	0	0	0	0	0	0	0	0	0	0	0	0	0	0	0	0	0	0	0	0	0	0	0	0	0	
446804	Precentral_R	13860	0	7264	15326	0	0	1384	13368	0	0	306	4030	0	102	0	0	606	1338	4188	10470	0	0	0	0	0	0	0	0	1012	4320	318	980	0	1672	746	3052	794	6474	128	1890	0	0	212	2522	324	2468	0	608	0	3142	236	2460	0	0	0	1424	430	26530	0	532	120	564	0	1710	0	148	378	8886	7686	15006	3912	11222	2120	8434	854	1708	3222	16612	0	0	104	436	0	0	98	3858	0	0	0	1808	0	0	0	0	0	0	0	0	0	0	0	0	0	0	0	0	0	0	0	0	0	0	0	0	0	0	
1.03121e+06	Frontal_Sup_L	23384	7264	0	19912	5258	1188	59652	2856	1026	0	14120	2758	22146	2422	7238	0	8848	586	90642	35706	296	0	35758	5398	408	0	634	0	32836	2618	22012	6728	6234	10376	382	190	4036	0	118	0	0	0	0	0	0	0	0	0	0	0	0	0	0	0	184	0	4260	0	0	0	0	0	0	0	0	0	0	0	890	1902	20640	3922	26486	656	11014	0	9450	398	1028	0	1018	0	586	0	0	0	0	0	140	0	0	0	0	0	0	0	0	0	0	0	0	0	0	0	0	0	0	0	0	0	0	0	0	0	0	0	
836420	Frontal_Sup_R	4654	15326	19912	0	110	20188	1112	29442	0	94	350	15152	0	11842	0	4398	164	3764	25914	56088	638	1614	7832	45006	0	6110	344	5254	294	17208	8560	35704	188	21104	134	276	458	2152	0	916	0	0	0	0	0	0	0	0	0	0	0	0	0	0	0	666	254	770	0	0	0	0	0	0	0	0	0	120	150	430	7002	25288	3900	9302	1098	686	580	5304	0	0	0	0	0	254	0	104	0	0	0	0	0	0	0	0	0	0	0	0	0	0	0	0	0	0	0	0	0	0	0	0	0	0	0	0	0	0	
166484	Frontal_Sup_Orb_L	0	0	5258	110	0	264	574	0	11548	0	160	0	800	0	15094	0	0	0	0	0	4470	1588	2534	0	3798	278	11116	1014	6676	0	8536	1612	0	0	0	0	278	0	0	0	838	0	0	0	0	0	0	0	0	0	0	0	0	0	0	0	0	0	0	0	0	0	0	0	0	0	0	0	0	0	2440	558	3122	0	0	0	0	0	0	0	0	0	576	0	0	0	0	0	0	0	0	0	0	0	0	0	0	0	0	0	0	0	0	0	0	0	0	0	0	0	0	0	0	0	0	0	
245936	Frontal_Sup_Orb_R	0	0	1188	20188	264	0	0	1800	0	2074	0	1650	0	1762	184	7840	0	140	1986	2814	1528	5196	652	12386	478	11876	942	13244	92	5856	2014	10792	0	1556	0	0	0	0	0	0	140	248	0	0	0	0	0	0	0	0	0	0	0	0	0	0	0	0	0	0	0	0	0	0	0	0	0	0	0	0	2574	5800	638	5066	0	0	0	0	0	0	0	0	0	0	0	0	0	0	0	0	0	0	0	0	0	0	0	0	0	0	0	0	0	0	0	0	0	0	0	0	0	0	0	0	0	0	
391672	Frontal_Mid_L	20592	1384	59652	1112	574	0	0	2320	2194	0	13666	360	27696	258	2900	0	996	0	16896	1118	0	0	13178	346	0	0	180	0	9564	256	7174	606	2392	306	248	206	1206	150	116	118	0	0	0	0	0	0	0	0	0	0	110	0	140	0	108	0	398	204	0	0	212	0	0	0	0	0	0	0	0	0	1986	286	998	186	132	0	818	154	1918	0	0	0	92	0	176	0	0	0	154	0	0	0	0	0	0	0	0	0	0	0	0	0	0	0	0	0	0	0	0	0	0	0	0	0	0	0	
300024	Frontal_Mid_R	3134	13368	2856	29442	0	1800	2320	0	0	720	464	13218	0	11348	0	1956	730	734	5512	11322	0	96	692	10638	0	0	0	100	1214	8534	1260	7714	0	5980	114	142	338	488	122	258	0	0	0	0	0	0	0	0	0	0	0	0	0	0	0	102	102	1484	0	0	0	0	0	0	0	0	0	0	0	0	2860	2604	876	3946	0	324	356	288	0	0	120	162	0	0	0	174	0	0	0	0	0	0	0	0	0	0	0	0	0	0	0	0	0	0	0	0	0	0	0	0	0	0	0	0	0	0	
74508	Frontal_Mid_Orb_L	0	0	1026	0	11548	0	2194	0	0	0	216	0	2614	0	12562	0	0	0	0	0	92	0	562	0	112	0	1162	0	2972	0	974	0	0	0	0	0	0	0	0	0	0	0	0	0	0	0	0	0	0	0	0	0	0	0	0	0	0	0	0	0	0	0	0	0	0	0	0	0	0	0	0	0	1014	0	0	0	0	0	0	0	0	0	206	0	0	0	0	0	0	0	0	0	0	0	0	0	0	0	0	0	0	0	0	0	0	0	0	0	0	0	0	0	0	0	0	0	
16876	Frontal_Mid_Orb_R	0	0	0	94	0	2074	0	720	0	0	0	0	0	134	0	4846	0	0	0	0	0	0	0	0	0	166	0	196	0	208	0	0	0	0	0	0	0	0	0	0	0	0	0	0	0	0	0	0	0	0	0	0	0	0	0	0	0	0	0	0	0	0	0	0	0	0	0	0	0	0	0	0	0	0	0	0	0	0	0	0	0	0	0	0	0	0	0	0	0	0	0	0	0	0	0	0	0	0	0	0	0	0	0	0	0	0	0	0	0	0	0	0	0	0	0	0	
210740	Frontal_Inf_Oper_L	12002	306	14120	350	160	0	13666	464	216	0	0	2170	13642	928	610	0	8740	0	8006	258	0	0	348	120	0	0	0	0	16664	1904	1734	224	0	0	158	132	628	0	102	0	0	0	0	0	0	0	0	0	0	0	0	0	0	0	0	0	862	0	0	0	116	0	0	0	0	0	0	0	0	0	950	1330	1360	0	146	110	442	260	658	0	792	0	692	0	0	0	0	0	0	0	0	0	0	0	0	0	0	0	0	0	0	0	0	0	0	0	0	0	0	0	0	0	0	0	0	0	
256776	Frontal_Inf_Oper_R	538	4030	2758	15152	0	1650	360	13218	0	0	2170	0	144	12598	0	454	1022	4228	4224	8208	0	0	0	6466	0	296	0	0	2262	18454	1376	6310	0	1136	0	0	120	438	0	0	0	0	0	0	0	0	0	0	0	0	0	0	0	0	0	194	0	2422	0	0	0	0	0	116	0	0	0	0	0	0	3692	5828	350	5440	0	916	164	192	0	0	0	250	0	516	0	476	0	0	0	220	0	0	0	0	0	0	0	0	0	0	0	0	0	0	0	0	0	0	0	0	0	0	0	0	0	0	
226016	Frontal_Inf_Tri_L	1406	0	22146	0	800	0	27696	0	2614	0	13642	144	0	92	9988	0	0	0	7086	0	0	0	1570	0	0	0	0	0	21690	138	2376	0	520	0	0	0	0	0	0	0	0	0	0	0	0	0	0	0	0	0	0	0	0	0	0	0	0	0	0	0	0	0	0	0	0	0	0	0	0	0	0	0	362	0	0	0	0	0	0	0	0	0	738	0	0	0	0	0	0	0	0	0	0	0	0	0	0	0	0	0	0	0	0	0	0	0	0	0	0	0	0	0	0	0	0	0	
196140	Frontal_Inf_Tri_R	352	102	2422	11842	0	1762	258	11348	0	134	928	12598	92	0	0	7500	376	132	3786	7106	0	0	0	4368	0	0	0	0	1002	18612	1600	4006	0	3118	0	0	0	0	0	0	0	0	0	0	0	0	0	0	0	0	0	0	0	0	0	0	0	156	0	0	0	0	0	0	0	0	0	0	0	0	742	2616	92	912	0	0	108	0	0	0	0	0	0	0	0	0	0	0	0	0	0	0	0	0	0	0	0	0	0	0	0	0	0	0	0	0	0	0	0	0	0	0	0	0	0	0	
166336	Frontal_Inf_Orb_L	0	0	7238	0	15094	184	2900	0	12562	0	610	0	9988	0	0	0	198	0	422	0	2222	694	1410	0	796	196	3854	434	12706	0	4670	368	348	0	0	0	160	0	104	0	206	0	0	0	0	0	0	0	0	0	0	0	0	0	0	0	0	0	0	0	0	0	0	0	0	0	0	0	0	0	1472	368	2254	0	0	0	0	0	0	0	0	0	1710	0	0	0	0	0	0	0	0	0	0	0	0	0	0	0	0	0	0	0	0	0	0	0	0	0	0	0	0	0	0	0	0	0	
101492	Frontal_Inf_Orb_R	0	0	0	4398	0	7840	0	1956	0	4846	0	454	0	7500	0	0	0	0	1120	1278	214	2172	0	2064	0	3366	164	3020	0	7398	128	206	0	618	0	0	0	0	0	392	0	0	0	0	0	0	0	0	0	0	0	0	0	0	0	0	0	0	0	0	0	0	0	0	0	0	0	0	0	0	264	514	0	642	0	0	0	0	0	0	0	0	0	192	0	0	0	0	0	0	0	0	0	0	0	0	0	0	0	0	0	0	0	0	0	0	0	0	0	0	0	0	0	0	0	0	
150932	Rolandic_Oper_L	6440	606	8848	164	0	0	996	730	0	0	8740	1022	0	376	198	0	0	0	4782	122	0	0	0	0	0	0	0	0	16276	968	512	0	0	0	170	144	624	0	102	0	0	0	0	0	0	0	0	0	0	0	170	0	0	0	0	0	5526	0	0	0	748	0	2624	0	244	0	0	0	238	0	1704	318	1462	0	492	0	608	0	3778	0	4850	0	454	0	242	0	0	0	188	0	0	0	0	0	0	0	0	0	0	0	0	0	0	0	0	0	0	0	0	0	0	0	0	0	0	0	
113384	Rolandic_Oper_R	140	1338	586	3764	0	140	0	734	0	0	0	4228	0	132	0	0	0	0	2526	3304	0	0	0	512	0	96	0	0	0	12300	0	902	0	0	0	0	0	138	0	0	0	0	0	0	0	0	0	0	0	0	0	0	0	0	0	0	0	4200	0	0	0	0	0	1928	0	0	0	0	0	0	816	4364	0	3356	0	3888	0	764	0	1476	0	3810	0	468	0	594	0	0	0	188	0	0	0	0	0	0	0	0	0	0	0	0	0	0	0	0	0	0	0	0	0	0	0	0	0	0	
784152	Supp_Motor_Area_L	23674	4188	90642	25914	0	1986	16896	5512	0	0	8006	4224	7086	3786	422	1120	4782	2526	0	53356	0	0	3288	8392	0	0	0	0	12490	5214	3564	9690	5178	18374	1110	242	2712	0	104	0	0	0	0	0	0	0	0	0	0	0	0	0	0	0	172	0	2972	0	0	0	0	0	0	0	0	0	0	0	3916	2676	17178	6698	16478	1106	5940	0	8286	146	788	0	900	0	0	212	0	0	0	0	130	0	0	0	0	0	0	0	0	0	0	0	0	0	0	0	0	0	0	0	0	0	0	0	0	0	0	0	
717532	Supp_Motor_Area_R	12878	10470	35706	56088	0	2814	1118	11322	0	0	258	8208	0	7106	0	1278	122	3304	53356	0	0	0	2044	16734	0	0	0	0	162	7826	7290	21384	2906	43300	688	1766	1030	126	0	0	0	0	0	0	0	0	0	0	0	0	0	0	0	0	0	0	744	598	0	0	0	0	0	0	0	0	0	172	5516	10488	5774	12516	6886	2166	3924	0	472	0	0	0	0	0	0	226	0	0	0	0	0	0	0	0	0	0	0	0	0	0	0	0	0	0	0	0	0	0	0	0	0	0	0	0	0	0	0	0	
143972	Olfactory_L	0	0	296	638	4470	1528	0	0	92	0	0	0	0	0	2222	214	0	0	0	0	0	7818	0	120	4032	1470	9120	3732	2914	160	6886	3250	0	0	0	0	1270	0	722	0	4100	436	0	0	0	0	0	0	0	0	0	0	0	0	360	0	0	0	0	0	0	0	0	0	0	0	0	0	0	0	11636	1890	2036	234	0	0	0	0	0	0	0	0	340	0	0	0	0	0	0	0	0	0	0	0	0	0	0	0	0	0	0	0	0	0	0	0	0	0	0	0	0	0	0	0	0	0	
147696	Olfactory_R	0	0	0	1614	1588	5196	0	96	0	0	0	0	0	0	694	2172	0	0	0	0	7818	0	0	1026	854	4444	5050	9334	182	2920	3064	3374	0	0	0	0	0	242	0	206	892	2942	0	0	0	0	0	0	0	0	0	0	0	0	0	0	0	0	0	0	0	0	0	0	0	0	0	0	0	0	9464	5858	3750	962	0	0	0	0	0	0	0	0	0	106	0	0	0	0	0	0	0	0	0	0	0	0	0	0	0	0	0	0	0	0	0	0	0	0	0	0	0	0	0	0	0	0	
268036	Frontal_Sup_Medial_L	0	0	35758	7832	2534	652	13178	692	562	0	348	0	1570	0	1410	0	0	0	3288	2044	0	0	0	19076	1198	450	326	0	2860	0	16616	9762	4224	8714	0	0	0	0	0	0	0	0	0	0	0	0	0	0	0	0	0	0	0	0	0	0	0	0	0	0	0	0	0	0	0	0	0	0	0	0	260	0	664	0	0	0	0	0	0	0	0	0	0	0	0	0	0	0	0	0	0	0	0	0	0	0	0	0	0	0	0	0	0	0	0	0	0	0	0	0	0	0	0	0	0	0	
455716	Frontal_Sup_Medial_R	0	0	5398	45006	0	12386	346	10638	0	0	120	6466	0	4368	0	2064	0	512	8392	16734	120	1026	19076	0	100	9362	0	2818	218	8790	5900	31002	336	18808	0	0	0	0	0	0	0	254	0	0	0	0	0	0	0	0	0	0	0	0	0	0	0	0	0	0	0	0	0	0	0	0	0	0	0	0	970	10162	214	6272	0	0	0	0	0	0	0	0	0	0	0	0	0	0	0	0	0	0	0	0	0	0	0	0	0	0	0	0	0	0	0	0	0	0	0	0	0	0	0	0	0	0	
64496	Frontal_Med_Orb_L	0	0	408	0	3798	478	0	0	112	0	0	0	0	0	796	0	0	0	0	0	4032	854	1198	100	0	1004	3048	552	996	0	6280	1302	0	0	0	0	578	0	394	0	1832	0	0	0	0	0	0	0	0	0	0	0	0	0	132	0	0	0	0	0	0	0	0	0	0	0	0	0	0	0	3376	310	434	0	0	0	0	0	0	0	0	0	234	0	0	0	0	0	0	0	0	0	0	0	0	0	0	0	0	0	0	0	0	0	0	0	0	0	0	0	0	0	0	0	0	0	
146568	Frontal_Med_Orb_R	0	0	0	6110	278	11876	0	0	0	166	0	296	0	0	196	3366	0	96	0	0	1470	4444	450	9362	1004	0	1002	10832	0	3906	1326	5106	0	0	0	0	0	0	0	0	118	878	0	0	0	0	0	0	0	0	0	0	0	0	0	0	0	0	0	0	0	0	0	0	0	0	0	0	0	0	1342	3110	358	6192	0	0	0	0	0	0	0	0	0	0	0	0	0	0	0	0	0	0	0	0	0	0	0	0	0	0	0	0	0	0	0	0	0	0	0	0	0	0	0	0	0	0	
132776	Rectus_L	0	0	634	344	11116	942	180	0	1162	0	0	0	0	0	3854	164	0	0	0	0	9120	5050	326	0	3048	1002	0	2808	1936	110	8676	3330	0	0	0	0	426	0	202	0	1948	240	0	0	0	0	0	0	0	0	0	0	0	0	114	0	0	0	0	0	0	0	0	0	0	0	0	0	0	0	6626	1518	1242	126	0	0	0	0	0	0	0	0	144	0	0	0	0	0	0	0	0	0	0	0	0	0	0	0	0	0	0	0	0	0	0	0	0	0	0	0	0	0	0	0	0	0	
150136	Rectus_R	0	0	0	5254	1014	13244	0	100	0	196	0	0	0	0	434	3020	0	0	0	0	3732	9334	0	2818	552	10832	2808	0	96	2258	1822	4122	0	0	0	0	0	0	0	0	376	1010	0	0	0	0	0	0	0	0	0	0	0	0	0	0	0	0	0	0	0	0	0	0	0	0	0	0	0	0	3736	3118	1496	3696	0	0	0	0	0	0	0	0	0	0	0	0	0	0	0	0	0	0	0	0	0	0	0	0	0	0	0	0	0	0	0	0	0	0	0	0	0	0	0	0	0	0	
495488	Insula_L	10008	1012	32836	294	6676	92	9564	1214	2972	0	16664	2262	21690	1002	12706	0	16276	0	12490	162	2914	182	2860	218	996	0	1936	96	0	1972	7240	402	1062	96	606	546	10024	418	1692	324	2112	0	0	0	0	0	0	0	0	0	146	0	188	0	3966	0	4306	0	0	0	1270	0	3892	0	0	0	106	0	0	0	4088	514	18268	0	296	0	1708	108	7980	0	9454	0	1938	0	2068	0	0	0	3832	0	0	0	0	0	0	0	0	0	0	0	0	0	0	0	0	0	0	0	0	0	0	0	0	0	0	0	
435524	Insula_R	652	4320	2618	17208	0	5856	256	8534	0	208	1904	18454	138	18612	0	7398	968	12300	5214	7826	160	2920	0	8790	0	3906	110	2258	1972	0	1570	8222	0	1936	0	138	0	3672	0	566	0	2256	0	252	0	0	0	132	0	0	0	0	0	0	0	2220	0	6422	0	0	0	0	0	140	0	0	0	282	0	0	3966	9926	428	19248	0	1016	334	1588	0	1160	0	9120	0	1262	0	5274	0	0	0	4050	0	0	0	0	0	0	0	0	0	0	0	0	0	0	0	0	0	0	0	0	0	0	0	0	0	0	
361188	Cingulum_Ant_L	2228	318	22012	8560	8536	2014	7174	1260	974	0	1734	1376	2376	1600	4670	128	512	0	3564	7290	6886	3064	16616	5900	6280	1326	8676	1822	7240	1570	0	14814	2502	4406	0	0	682	0	418	0	2096	0	0	0	0	0	0	0	0	0	0	0	0	0	158	0	114	0	0	0	0	0	0	0	0	0	0	0	0	0	9790	1374	7516	360	0	0	0	0	98	0	144	0	416	0	0	0	0	0	0	0	0	0	0	0	0	0	0	0	0	0	0	0	0	0	0	0	0	0	0	0	0	0	0	0	0	0	
507424	Cingulum_Ant_R	428	980	6728	35704	1612	10792	606	7714	0	0	224	6310	0	4006	368	206	0	902	9690	21384	3250	3374	9762	31002	1302	5106	3330	4122	402	8222	14814	0	866	23442	0	0	0	0	0	0	494	172	0	0	0	0	0	0	0	0	0	0	0	0	0	0	0	198	0	0	0	0	0	0	0	0	0	0	0	0	3676	20570	1366	10312	0	0	0	276	0	0	0	0	0	0	0	0	0	0	0	0	0	0	0	0	0	0	0	0	0	0	0	0	0	0	0	0	0	0	0	0	0	0	0	0	0	0	
93500	Cingulum_Mid_L	460	0	6234	188	0	0	2392	0	0	0	0	0	520	0	348	0	0	0	5178	2906	0	0	4224	336	0	0	0	0	1062	0	2502	866	0	4360	4222	428	0	0	0	0	0	0	0	0	590	0	0	0	1142	0	1090	0	0	0	0	0	0	0	120	0	100	0	0	0	0	0	4418	250	2622	192	0	0	0	0	0	0	0	0	0	0	0	0	0	0	0	0	0	0	0	0	0	0	0	0	0	0	0	0	0	0	0	0	0	0	0	0	0	0	0	0	0	0	0	0	0	0	
433548	Cingulum_Mid_R	3204	1672	10376	21104	0	1556	306	5980	0	0	0	1136	0	3118	0	618	0	0	18374	43300	0	0	8714	18808	0	0	0	0	96	1936	4406	23442	4360	0	1010	6382	392	0	0	0	0	0	0	1240	0	2292	0	550	0	798	0	540	0	0	0	0	374	2494	0	0	0	0	0	0	0	0	628	8702	2850	9562	0	554	2994	0	2784	0	122	0	0	0	0	0	0	0	0	0	0	0	0	0	0	0	0	0	0	0	0	0	0	0	0	0	0	0	0	0	0	0	0	0	0	0	0	0	0	0	
207464	Cingulum_Post_L	9522	746	382	134	0	0	248	114	0	0	158	0	0	0	0	0	170	0	1110	688	0	0	0	0	0	0	0	0	606	0	0	0	4222	1010	0	12586	13234	6536	3890	3912	0	0	4662	0	2054	0	1080	154	718	0	942	0	1078	0	1366	530	828	0	0	0	122	0	288	0	0	0	10674	1166	9628	1336	138	0	732	0	308	0	3840	960	490	0	98	0	0	0	274	0	0	0	998	0	0	0	0	0	0	0	0	0	0	0	0	0	0	0	0	0	0	0	0	0	0	0	0	0	0	0	
202852	Cingulum_Post_R	7460	3052	190	276	0	0	206	142	0	0	132	0	0	0	0	0	144	0	242	1766	0	0	0	0	0	0	0	0	546	138	0	0	428	6382	12586	0	7464	10850	650	5620	0	0	0	3750	0	92	384	4906	0	0	0	122	0	0	190	1152	378	3248	0	0	0	0	92	0	0	0	1346	10044	1258	4366	144	102	392	0	114	0	6630	2818	436	0	0	0	0	0	0	384	0	0	168	168	0	0	0	0	0	0	0	96	0	0	0	0	0	0	0	0	0	0	0	0	372	0	0	0	0	0	
361096	Hippocampus_L	8094	794	4036	458	278	0	1206	338	0	0	628	120	0	0	160	0	624	0	2712	1030	1270	0	0	0	578	0	426	0	10024	0	682	0	0	392	13234	7464	0	5500	18396	3290	8172	0	6910	0	808	0	5514	118	0	0	1666	0	3464	0	18012	422	2634	0	0	0	244	0	720	0	0	0	10070	594	392	228	1694	160	10798	0	858	0	6274	472	2306	0	3500	0	290	0	1430	0	0	0	10660	0	404	0	0	0	0	0	0	0	0	0	0	0	0	0	0	0	0	0	0	0	0	0	0	0	0	0	
288148	Hippocampus_R	5654	6474	0	2152	0	0	150	488	0	0	0	438	0	0	0	0	0	138	0	126	0	242	0	0	0	0	0	0	418	3672	0	0	0	0	6536	10850	5500	0	434	21786	0	10644	0	1092	0	0	262	3046	0	0	0	0	0	138	0	19444	188	1530	0	0	0	0	0	226	0	0	486	4492	0	0	204	910	246	6778	0	132	7650	9830	304	0	0	800	0	1004	0	1742	0	326	0	5832	0	0	0	0	0	154	0	1246	0	0	0	0	0	0	0	0	0	0	0	0	310	0	0	0	0	0	
138004	ParaHippocampal_L	540	128	118	0	0	0	116	122	0	0	102	0	0	0	104	0	102	0	104	0	722	0	0	0	394	0	202	0	1692	0	418	0	0	0	3890	650	18396	434	0	320	2152	0	4744	0	630	0	5284	0	0	0	1594	0	2312	0	8506	0	268	0	0	0	0	0	0	0	0	0	6174	132	214	0	660	0	2534	0	0	0	1568	0	0	0	0	0	230	0	292	0	0	0	2064	0	108	0	0	0	230	0	592	0	160	0	0	0	0	0	0	0	0	0	0	0	0	0	0	0	0	0	
159552	ParaHippocampal_R	2142	1890	0	916	0	0	118	258	0	0	0	0	0	0	0	392	0	0	0	0	0	206	0	0	0	0	0	0	324	566	0	0	0	0	3912	5620	3290	21786	320	0	0	6762	0	880	0	0	160	3140	0	0	0	0	0	0	0	10248	138	0	0	0	0	0	0	0	0	0	208	3048	0	0	118	226	198	1476	0	0	3082	3404	250	0	0	100	0	1188	0	0	0	532	0	658	0	234	0	0	0	262	0	1440	0	284	0	0	0	0	0	0	0	0	0	0	0	0	0	0	0	0	
69024	Amygdala_L	0	0	0	0	838	140	0	0	0	0	0	0	0	0	206	0	0	0	0	0	4100	892	0	0	1832	118	1948	376	2112	0	2096	494	0	0	0	0	8172	0	2152	0	0	0	0	0	0	0	0	0	0	0	0	0	0	0	3514	0	0	0	0	0	0	0	0	0	0	0	0	0	0	0	3704	328	780	0	0	0	0	0	0	0	0	0	126	0	0	0	0	0	584	0	0	0	0	0	0	0	0	0	0	0	0	0	0	0	0	0	0	0	0	0	0	0	0	0	0	0	
77472	Amygdala_R	0	0	0	0	0	248	0	0	0	0	0	0	0	0	0	0	0	0	0	0	436	2942	0	254	0	878	240	1010	0	2256	0	172	0	0	0	0	0	10644	0	6762	0	0	0	0	0	0	0	0	0	0	0	0	0	0	0	5784	0	0	0	0	0	0	0	0	0	0	0	0	0	0	732	808	344	1276	0	0	0	0	0	0	0	0	0	1810	0	0	0	792	0	1242	0	0	0	0	0	106	0	0	0	0	0	0	0	0	0	0	0	0	0	0	0	0	0	0	0	0	
226584	Calcarine_L	334	212	0	0	0	0	0	0	0	0	0	0	0	0	0	0	0	0	0	0	0	0	0	0	0	0	0	0	0	0	0	0	0	0	4662	0	6910	0	4744	0	0	0	0	6648	17184	4526	7832	1396	7416	2234	13840	842	2254	0	3030	0	362	0	0	0	472	0	0	0	460	0	21804	432	1932	208	0	0	214	0	0	0	0	0	308	0	0	0	0	0	1822	0	0	0	1214	0	0	0	0	0	0	0	0	0	0	0	0	0	0	0	0	0	0	0	0	0	0	0	0	0	0	0	
339316	Calcarine_R	0	2522	0	0	0	0	0	0	0	0	0	0	0	0	0	0	0	0	0	0	0	0	0	0	0	0	0	0	0	252	0	0	0	1240	0	3750	0	1092	0	880	0	0	6648	0	6426	21380	1014	23910	0	17436	0	12426	0	6072	0	6616	0	2140	0	0	0	0	0	102	0	114	5864	33106	0	1032	0	0	0	0	0	0	0	0	0	134	0	252	0	0	0	9606	0	0	0	5538	0	0	0	0	0	0	0	106	0	0	0	0	0	0	0	0	0	0	0	0	0	0	0	0	0	0	
191228	Cuneus_L	154	324	0	0	0	0	0	0	0	0	0	0	0	0	0	0	0	0	0	0	0	0	0	0	0	0	0	0	0	0	0	0	590	0	2054	0	808	0	630	0	0	0	17184	6426	0	9060	1336	282	18106	3706	10468	1094	688	0	340	0	246	0	284	0	180	0	0	0	124	0	17582	878	1884	322	0	0	0	0	0	0	0	0	0	0	0	0	0	0	620	0	0	0	244	0	0	0	0	0	0	0	0	0	0	0	0	0	0	0	0	0	0	0	0	0	0	0	0	0	0	0	
257152	Cuneus_R	0	2468	0	0	0	0	0	0	0	0	0	0	0	0	0	0	0	0	0	0	0	0	0	0	0	0	0	0	0	0	0	0	0	2292	0	92	0	0	0	0	0	0	4526	21380	9060	0	132	2336	0	29818	0	13542	0	450	0	544	0	2476	0	1424	0	0	0	0	0	978	9428	22652	0	1940	0	0	0	0	0	0	0	0	0	0	0	666	0	0	0	2114	0	0	0	258	0	0	0	0	0	0	0	0	0	0	0	0	0	0	0	0	0	0	0	0	0	0	0	0	0	0	
253884	Lingual_L	180	0	0	0	0	0	0	0	0	0	0	0	0	0	0	0	0	0	0	0	0	0	0	0	0	0	0	0	0	0	0	0	0	0	1080	384	5514	262	5284	160	0	0	7832	1014	1336	132	0	1986	2072	134	20040	0	11304	0	13742	210	0	0	0	0	0	0	0	0	162	0	3524	132	116	0	0	0	166	0	0	0	1028	0	188	0	0	0	0	0	1454	0	0	0	1592	0	5586	608	814	0	914	0	14746	1324	13064	1372	0	0	0	0	178	136	0	0	0	136	5232	1336	104	124	148	92	
226400	Lingual_R	0	608	0	0	0	0	0	0	0	0	0	0	0	0	0	0	0	0	0	0	0	0	0	0	0	0	0	0	0	132	0	0	0	550	154	4906	118	3046	0	3140	0	0	1396	23910	282	2336	1986	0	0	5224	0	2728	0	3000	112	12166	0	618	0	0	0	0	0	0	0	0	502	15834	0	318	0	0	0	0	0	0	0	242	0	108	0	112	0	0	0	1756	0	0	0	1032	1094	3406	1514	0	0	0	1410	3828	1150	4716	0	0	0	0	0	0	0	0	0	0	4214	3854	1698	0	0	0	
130540	Occipital_Sup_L	0	0	0	0	0	0	0	0	0	0	0	0	0	0	0	0	0	0	0	0	0	0	0	0	0	0	0	0	0	0	0	0	1142	0	718	0	0	0	0	0	0	0	7416	0	18106	0	2072	0	0	0	20272	0	430	0	0	0	0	0	4454	0	916	0	0	0	0	0	7944	120	1346	0	0	0	0	0	0	0	0	0	0	0	0	0	0	0	334	0	0	0	0	0	0	0	0	0	0	0	0	0	0	0	0	0	0	0	0	0	0	0	0	0	0	0	0	0	0	0	
250780	Occipital_Sup_R	0	3142	0	0	0	0	0	0	0	0	0	0	0	0	0	0	0	0	0	0	0	0	0	0	0	0	0	0	0	0	0	0	0	798	0	0	0	0	0	0	0	0	2234	17436	3706	29818	134	5224	0	0	0	22884	0	934	0	1604	0	3724	0	4330	0	2312	0	0	0	3316	5276	14554	0	2312	0	0	0	0	0	0	0	0	0	0	0	562	0	0	0	1090	0	0	0	0	0	0	0	0	0	0	0	0	0	0	0	0	0	0	0	0	0	0	0	0	0	0	0	0	0	0	
357344	Occipital_Mid_L	1492	236	0	0	0	0	110	0	0	0	0	0	0	0	0	0	170	0	0	0	0	0	0	0	0	0	0	0	146	0	0	0	1090	0	942	0	1666	0	1594	0	0	0	13840	0	10468	0	20040	0	20272	0	0	0	19758	0	8048	0	798	0	3576	0	10708	0	2084	0	15152	0	12218	0	7280	236	0	0	0	0	0	0	0	0	2334	0	776	0	0	0	21056	0	0	0	2582	0	0	0	0	0	0	0	0	0	0	0	0	0	0	0	0	0	0	0	0	0	0	0	0	0	0	0	
205692	Occipital_Mid_R	0	2460	0	0	0	0	0	0	0	0	0	0	0	0	0	0	0	0	0	0	0	0	0	0	0	0	0	0	0	0	0	0	0	540	0	122	0	0	0	0	0	0	842	12426	1094	13542	0	2728	0	22884	0	0	0	3218	0	2042	0	2614	0	1426	0	3360	0	116	0	9492	1364	6880	0	1380	0	116	0	0	0	0	0	0	0	0	0	1538	0	0	0	12372	0	0	0	290	0	0	0	0	0	0	0	0	0	0	0	0	0	0	0	0	0	0	0	0	0	0	0	0	0	0	
156640	Occipital_Inf_L	746	0	0	0	0	0	140	0	0	0	0	0	0	0	0	0	0	0	0	0	0	0	0	0	0	0	0	0	188	0	0	0	0	0	1078	0	3464	0	2312	0	0	0	2254	0	688	0	11304	0	430	0	19758	0	0	0	13244	0	128	0	0	0	632	0	1038	0	450	0	2138	0	792	0	0	0	200	0	0	0	0	0	1316	0	310	0	0	0	5462	0	0	0	8304	0	0	0	0	0	0	0	686	122	704	120	0	0	0	0	0	0	0	0	0	0	312	0	0	0	0	0	
47484	Occipital_Inf_R	0	0	0	0	0	0	0	0	0	0	0	0	0	0	0	0	0	0	0	0	0	0	0	0	0	0	0	0	0	0	0	0	0	0	0	0	0	138	0	0	0	0	0	6072	0	450	0	3000	0	934	0	3218	0	0	0	5408	0	0	0	0	0	0	0	0	0	0	0	1516	0	0	0	0	0	0	0	0	0	0	0	0	0	0	0	0	0	968	0	0	0	2038	0	0	0	0	0	0	0	0	0	0	0	0	0	0	0	0	0	0	0	0	0	0	0	0	0	0	
343028	Fusiform_L	366	0	184	0	0	0	108	0	0	0	0	0	0	0	0	0	0	0	172	0	360	0	0	0	132	0	114	0	3966	0	158	0	0	0	1366	190	18012	0	8506	0	3514	0	3030	0	340	0	13742	112	0	0	8048	0	13244	0	0	0	0	0	0	0	120	0	140	0	98	0	3614	0	258	0	266	0	3226	0	0	0	202	0	842	0	2630	0	536	0	2840	0	190	0	17174	0	17530	0	2006	0	216	0	14650	366	24186	354	906	0	1466	0	0	0	0	0	0	0	1788	246	0	0	0	0	
264636	Fusiform_R	468	1424	0	666	0	0	0	102	0	0	0	194	0	0	0	0	0	0	0	0	0	0	0	0	0	0	0	0	0	2220	0	0	0	0	530	1152	422	19444	0	10248	0	5784	0	6616	0	544	210	12166	0	1604	0	2042	0	5408	0	0	0	128	0	0	0	0	0	0	0	0	0	2582	0	0	0	132	0	2792	0	0	662	3374	0	154	0	1900	0	3162	0	2982	0	1490	0	11744	232	8584	360	110	0	0	170	5478	112	9802	0	0	0	502	0	152	0	0	0	0	2234	1570	666	0	0	0	
189592	Postcentral_L	22112	430	4260	254	0	0	398	102	0	0	862	0	0	0	0	0	5526	0	2972	744	0	0	0	0	0	0	0	0	4306	0	114	0	0	374	828	378	2634	188	268	138	0	0	362	0	246	0	0	0	0	0	798	0	128	0	0	0	0	0	4644	0	14412	0	7044	0	476	0	2344	0	2560	292	1694	0	3904	0	1046	0	3232	0	2518	0	1498	0	0	0	414	0	0	0	296	0	0	0	0	0	0	0	0	0	0	0	0	0	0	0	0	0	0	0	0	0	0	0	0	0	0	0	
220624	Postcentral_R	370	26530	0	770	0	0	204	1484	0	0	0	2422	0	156	0	0	0	4200	0	598	0	0	0	0	0	0	0	0	0	6422	0	198	0	2494	0	3248	0	1530	0	0	0	0	0	2140	0	2476	0	618	0	3724	0	2614	0	0	0	128	0	0	0	2236	0	4138	0	6264	0	770	0	8248	0	8398	224	1898	0	7314	0	1804	154	1000	0	114	0	622	0	0	0	3188	0	0	0	1614	0	0	0	0	0	0	0	0	0	0	0	0	0	0	0	0	0	0	0	0	0	0	0	0	0	0	
69200	Parietal_Sup_L	0	0	0	0	0	0	0	0	0	0	0	0	0	0	0	0	0	0	0	0	0	0	0	0	0	0	0	0	0	0	0	0	120	0	0	0	0	0	0	0	0	0	0	0	284	0	0	0	4454	0	3576	0	0	0	0	0	4644	0	0	0	8296	0	0	0	114	0	11368	0	1744	0	0	0	0	0	0	0	0	0	0	0	0	0	0	0	0	0	0	0	0	0	0	0	0	0	0	0	0	0	0	0	0	0	0	0	0	0	0	0	0	0	0	0	0	0	0	0	
99136	Parietal_Sup_R	0	532	0	0	0	0	0	0	0	0	0	0	0	0	0	0	0	0	0	0	0	0	0	0	0	0	0	0	0	0	0	0	0	0	0	0	0	0	0	0	0	0	0	0	0	1424	0	0	0	4330	0	1426	0	0	0	0	0	2236	0	0	0	12266	0	10506	0	7548	166	4936	0	382	0	0	0	0	0	0	0	0	0	0	0	726	0	0	0	2648	0	0	0	442	0	0	0	0	0	0	0	0	0	0	0	0	0	0	0	0	0	0	0	0	0	0	0	0	0	0	
170172	Parietal_Inf_L	4324	120	0	0	0	0	212	0	0	0	116	0	0	0	0	0	748	0	0	0	0	0	0	0	0	0	0	0	1270	0	0	0	100	0	122	0	244	0	0	0	0	0	472	0	180	0	0	0	916	0	10708	0	632	0	120	0	14412	0	8296	0	0	0	10482	0	15748	0	3732	0	4752	120	0	0	0	0	0	0	0	0	210	0	1136	0	0	0	5372	0	0	0	542	0	0	0	0	0	0	0	0	0	0	0	0	0	0	0	0	0	0	0	0	0	0	0	0	0	0	0	
124748	Parietal_Inf_R	0	564	0	0	0	0	0	0	0	0	0	0	0	0	0	0	0	0	0	0	0	0	0	0	0	0	0	0	0	0	0	0	0	0	0	0	0	0	0	0	0	0	0	0	0	0	0	0	0	2312	0	3360	0	0	0	0	0	4138	0	12266	0	0	0	15560	0	16348	0	226	0	0	0	0	0	0	0	0	0	0	0	0	0	1274	0	0	0	5578	0	0	0	748	0	0	0	0	0	0	0	0	0	0	0	0	0	0	0	0	0	0	0	0	0	0	0	0	0	0	
103116	SupraMarginal_L	742	0	0	0	0	0	0	0	0	0	0	0	0	0	0	0	2624	0	0	0	0	0	0	0	0	0	0	0	3892	0	0	0	0	0	288	92	720	0	0	0	0	0	0	0	0	0	0	0	0	0	2084	0	1038	0	140	0	7044	0	0	0	10482	0	0	0	7102	0	262	0	1160	0	0	0	108	0	122	0	0	0	598	0	6114	0	0	0	6158	0	0	0	788	0	0	0	0	0	0	0	0	0	0	0	0	0	0	0	0	0	0	0	0	0	0	0	0	0	0	0	
123808	SupraMarginal_R	0	1710	0	0	0	0	0	0	0	0	0	116	0	0	0	0	0	1928	0	0	0	0	0	0	0	0	0	0	0	140	0	0	0	0	0	0	0	226	0	0	0	0	0	102	0	0	0	0	0	0	0	116	0	0	0	0	0	6264	0	10506	0	15560	0	0	0	9534	0	168	0	0	0	328	0	0	0	0	0	0	0	146	0	5092	0	0	0	7922	0	0	0	2046	0	0	0	0	0	0	0	0	0	0	0	0	0	0	0	0	0	0	0	0	0	0	0	0	0	0	
115256	Angular_L	292	0	0	0	0	0	0	0	0	0	0	0	0	0	0	0	244	0	0	0	0	0	0	0	0	0	0	0	0	0	0	0	0	0	0	0	0	0	0	0	0	0	460	0	124	0	162	0	0	0	15152	0	450	0	98	0	476	0	114	0	15748	0	7102	0	0	0	556	0	2740	0	0	0	0	0	0	0	0	0	0	0	960	0	0	0	12710	0	0	0	240	0	0	0	0	0	0	0	0	0	0	0	0	0	0	0	0	0	0	0	0	0	0	0	0	0	0	0	
126520	Angular_R	0	148	0	0	0	0	0	0	0	0	0	0	0	0	0	0	0	0	0	0	0	0	0	0	0	0	0	0	0	0	0	0	0	0	0	0	0	0	0	0	0	0	0	114	0	978	0	0	0	3316	0	9492	0	0	0	0	0	770	0	7548	0	16348	0	9534	0	0	0	850	0	0	0	0	0	0	0	0	0	0	0	0	0	3584	0	0	0	10122	0	0	0	456	0	0	0	0	0	0	0	0	0	0	0	0	0	0	0	0	0	0	0	0	0	0	0	0	0	0	
325232	Precuneus_L	1024	378	0	0	0	0	0	0	0	0	0	0	0	0	0	0	0	0	0	0	0	0	0	0	0	0	0	0	106	0	0	0	4418	628	10674	1346	10070	486	6174	208	0	0	21804	5864	17582	9428	3524	502	7944	5276	12218	1364	2138	0	3614	0	2344	0	11368	166	3732	0	262	0	556	0	0	5850	6736	404	0	0	304	0	0	0	250	0	448	0	122	0	0	0	1664	0	0	0	1640	0	0	0	0	0	0	0	0	0	0	0	0	0	0	0	0	0	0	0	0	0	0	0	0	0	0	0	
356544	Precuneus_R	230	8886	0	120	0	0	0	0	0	0	0	0	0	0	0	0	0	0	0	172	0	0	0	0	0	0	0	0	0	282	0	0	250	8702	1166	10044	594	4492	132	3048	0	0	432	33106	878	22652	132	15834	120	14554	0	6880	0	1516	0	2582	0	8248	0	4936	0	226	0	168	0	850	5850	0	0	6454	0	0	0	0	0	0	720	202	0	140	0	800	0	0	0	7552	0	0	0	4390	0	0	0	0	0	0	0	290	0	0	0	0	0	0	0	0	0	0	0	0	642	0	0	0	0	0	
199220	Paracentral_Lobule_L	14050	7686	890	150	0	0	0	0	0	0	0	0	0	0	0	0	238	0	3916	5516	0	0	0	0	0	0	0	0	0	0	0	0	2622	2850	9628	1258	392	0	214	0	0	0	1932	0	1884	0	116	0	1346	0	7280	0	792	0	258	0	2560	0	1744	0	4752	0	1160	0	2740	0	6736	0	0	9628	0	0	496	0	538	0	0	0	108	0	1172	0	0	0	4310	0	0	0	648	0	0	0	0	0	0	0	0	0	0	0	0	0	0	0	0	0	0	0	0	0	0	0	0	0	0	0	
176468	Paracentral_Lobule_R	5788	15006	1902	430	0	0	0	0	0	0	0	0	0	0	0	0	0	0	2676	10488	0	0	0	0	0	0	0	0	0	0	0	0	192	9562	1336	4366	228	0	0	0	0	0	208	1032	322	1940	0	318	0	2312	236	1380	0	0	0	0	292	8398	0	382	120	0	0	0	0	0	404	6454	9628	0	0	0	1070	0	952	0	0	0	0	0	0	0	0	0	98	586	0	0	0	128	0	0	0	0	0	0	0	0	0	0	0	0	0	0	0	0	0	0	0	0	0	0	0	0	0	0	
450816	Caudate_L	9726	3912	20640	7002	2440	2574	1986	2860	0	0	950	3692	0	742	1472	264	1704	816	17178	5774	11636	9464	260	970	3376	1342	6626	3736	4088	3966	9790	3676	0	0	138	144	1694	204	660	118	3704	732	0	0	0	0	0	0	0	0	0	0	0	0	266	0	1694	224	0	0	0	0	0	0	0	0	0	0	0	0	0	21956	26414	4350	4400	590	13570	1198	102	0	196	0	292	100	0	0	0	0	0	0	0	0	0	0	0	0	0	0	0	0	0	0	0	0	0	0	0	0	0	0	0	0	0	0	0	0	
447100	Caudate_R	2014	11222	3922	25288	558	5800	286	2604	0	0	1330	5828	0	2616	368	514	318	4364	6698	12516	1890	5858	0	10162	310	3110	1518	3118	514	9926	1374	20570	0	554	0	102	160	910	0	226	328	808	0	0	0	0	0	0	0	0	0	116	0	0	0	132	0	1898	0	0	0	0	0	328	0	0	0	0	0	0	21956	0	11504	16834	942	2594	1306	17712	0	150	0	302	0	92	0	0	0	0	0	0	0	0	0	0	0	0	0	0	0	0	0	0	0	0	0	0	0	0	0	0	0	0	0	0	0	0	
403296	Putamen_L	4868	2120	26486	3900	3122	638	998	876	1014	0	1360	350	362	92	2254	0	1462	0	16478	6886	2036	3750	664	214	434	358	1242	1496	18268	428	7516	1366	0	2994	732	392	10798	246	2534	198	780	344	214	0	0	0	166	0	0	0	0	0	200	0	3226	0	3904	0	0	0	0	0	108	0	0	0	304	0	496	1070	26414	11504	0	2892	12826	360	3218	554	638	0	1468	0	0	0	134	0	0	0	1896	0	0	0	0	0	0	0	0	0	0	0	0	0	0	0	0	0	0	0	0	0	0	0	0	0	0	0	
287104	Putamen_R	358	8434	656	9302	0	5066	186	3946	0	0	0	5440	0	912	0	642	0	3356	1106	2166	234	962	0	6272	0	6192	126	3696	0	19248	360	10312	0	0	0	0	0	6778	0	1476	0	1276	0	0	0	0	0	0	0	0	0	0	0	0	0	2792	0	7314	0	0	0	0	0	0	0	0	0	0	0	0	4350	16834	2892	0	0	3110	230	1590	0	0	0	1132	0	0	0	2590	0	0	0	2216	0	0	0	0	0	0	0	0	0	0	0	0	0	0	0	0	0	0	0	0	0	0	0	0	0	0	
106264	Pallidum_L	1414	854	11014	1098	0	0	132	0	0	0	146	0	0	0	0	0	492	0	5940	3924	0	0	0	0	0	0	0	0	296	0	0	0	0	2784	308	114	858	0	0	0	0	0	0	0	0	0	0	0	0	0	0	0	0	0	0	0	1046	0	0	0	0	0	122	0	0	0	0	0	538	952	4400	942	12826	0	0	0	2400	440	0	0	92	0	0	0	0	0	0	0	0	0	0	0	0	0	0	0	0	0	0	0	0	0	0	0	0	0	0	0	0	0	0	0	0	0	0	0	
36152	Pallidum_R	202	1708	0	686	0	0	0	324	0	0	110	916	0	0	0	0	0	3888	0	0	0	0	0	0	0	0	0	0	0	1016	0	0	0	0	0	0	0	132	0	0	0	0	0	0	0	0	0	0	0	0	0	0	0	0	0	0	0	1804	0	0	0	0	0	0	0	0	0	0	0	0	590	2594	360	3110	0	0	0	178	0	152	0	306	0	0	0	0	0	0	0	0	0	0	0	0	0	0	0	0	0	0	0	0	0	0	0	0	0	0	0	0	0	0	0	0	0	0	
234660	Thalamus_L	24422	3222	9450	580	0	0	818	356	0	0	442	164	0	108	0	0	608	0	8286	472	0	0	0	0	0	0	0	0	1708	334	0	0	0	122	3840	6630	6274	7650	1568	3082	0	0	0	0	0	0	1028	0	0	0	0	0	0	0	202	662	3232	154	0	0	0	0	0	0	0	0	250	720	0	0	13570	1306	3218	230	2400	0	0	9616	366	0	128	0	0	0	0	0	0	0	112	0	0	0	0	0	0	0	0	0	0	0	0	0	0	0	0	0	0	0	0	0	0	0	0	0	0	0	
168124	Thalamus_R	3366	16612	398	5304	0	0	154	288	0	0	260	192	0	0	0	0	0	764	146	0	0	0	0	0	0	0	0	0	108	1588	0	276	0	0	960	2818	472	9830	0	3404	0	0	0	0	0	0	0	242	0	0	0	0	0	0	0	3374	0	1000	0	0	0	0	0	0	0	0	0	202	0	0	1198	17712	554	1590	440	178	9616	0	0	0	0	342	0	0	0	124	0	0	0	162	0	0	0	0	0	0	0	388	0	0	0	0	0	0	0	0	0	0	0	0	0	0	0	0	0	0	
83276	Heschl_L	3414	0	1028	0	0	0	1918	0	0	0	658	0	0	0	0	0	3778	0	788	0	0	0	0	0	0	0	0	0	7980	0	98	0	0	0	490	436	2306	304	0	250	0	0	308	0	0	0	188	0	0	0	2334	0	1316	0	842	0	2518	0	0	0	210	0	598	0	0	0	448	0	108	0	102	0	638	0	0	0	366	0	0	0	2330	0	0	0	3358	0	0	0	2526	0	0	0	0	0	0	0	0	0	0	0	0	0	0	0	0	0	0	0	0	0	0	0	0	0	0	0	
17104	Heschl_R	0	0	0	0	0	0	0	0	0	0	0	0	0	0	0	0	0	1476	0	0	0	0	0	0	0	0	0	0	0	1160	0	0	0	0	0	0	0	0	0	0	0	0	0	134	0	0	0	108	0	0	0	0	0	0	0	154	0	114	0	0	0	0	0	146	0	0	0	140	0	0	0	150	0	0	0	152	0	0	0	0	0	2654	0	0	0	1154	0	0	0	1010	0	0	0	0	0	0	0	0	0	0	0	0	0	0	0	0	0	0	0	0	0	0	0	0	0	0	
171272	Temporal_Sup_L	528	104	1018	0	0	0	0	120	0	0	792	0	0	0	0	0	4850	0	900	0	0	0	0	0	0	0	0	0	9454	0	144	0	0	0	98	0	3500	0	0	0	0	0	0	0	0	0	0	0	0	0	776	0	310	0	2630	0	1498	0	0	0	1136	0	6114	0	960	0	122	0	1172	0	196	0	1468	0	92	0	128	0	2330	0	0	0	3084	0	23798	0	382	0	17932	0	0	0	0	0	0	0	0	0	0	0	0	0	0	0	0	0	0	0	0	0	0	0	0	0	0	0	
127004	Temporal_Sup_R	0	436	0	0	0	0	0	162	0	0	0	250	0	0	0	0	0	3810	0	0	0	0	0	0	0	0	0	0	0	9120	0	0	0	0	0	0	0	800	0	100	0	0	0	252	0	666	0	112	0	562	0	1538	0	0	0	1900	0	622	0	726	0	1274	0	5092	0	3584	0	800	0	0	0	302	0	1132	0	306	0	342	0	2654	0	0	0	1556	0	17326	0	206	0	7872	0	0	0	0	0	0	0	0	0	0	0	0	0	0	0	0	0	0	0	0	0	0	0	0	0	0	
40128	Temporal_Pole_Sup_L	0	0	586	0	576	0	92	0	206	0	692	0	738	0	1710	0	454	0	0	0	340	0	0	0	234	0	144	0	1938	0	416	0	0	0	0	0	290	0	230	0	126	0	0	0	0	0	0	0	0	0	0	0	0	0	536	0	0	0	0	0	0	0	0	0	0	0	0	0	0	0	292	0	0	0	0	0	0	0	0	0	3084	0	0	0	2736	0	1680	0	2964	0	0	0	0	0	0	0	0	0	0	0	0	0	0	0	0	0	0	0	0	0	0	0	0	0	0	0	
33724	Temporal_Pole_Sup_R	0	0	0	254	0	0	0	0	0	0	0	516	0	0	0	192	0	468	212	226	0	106	0	0	0	0	0	0	0	1262	0	0	0	0	0	0	0	1004	0	1188	0	1810	0	0	0	0	0	0	0	0	0	0	0	0	0	3162	0	0	0	0	0	0	0	0	0	0	0	0	0	0	100	92	0	0	0	0	0	0	0	0	0	1556	0	0	0	472	0	1344	0	2898	0	0	0	0	0	0	0	0	0	0	0	0	0	0	0	0	0	0	0	0	0	0	0	0	0	0	
261908	Temporal_Mid_L	982	98	0	0	0	0	176	0	0	0	0	0	0	0	0	0	242	0	0	0	0	0	0	0	0	0	0	0	2068	0	0	0	0	0	274	0	1430	0	292	0	0	0	1822	0	620	0	1454	0	334	0	21056	0	5462	0	2840	0	414	0	0	0	5372	0	6158	0	12710	0	1664	0	4310	98	0	0	134	0	0	0	0	0	3358	0	23798	0	2736	0	0	0	1908	0	29144	0	0	0	0	0	0	0	0	0	0	0	0	0	0	0	0	0	0	0	0	0	0	0	0	0	0	0	
262040	Temporal_Mid_R	0	3858	0	104	0	0	0	174	0	0	0	476	0	0	0	0	0	594	0	0	0	0	0	0	0	0	0	0	0	5274	0	0	0	0	0	384	0	1742	0	0	0	0	0	9606	0	2114	0	1756	0	1090	0	12372	0	968	0	2982	0	3188	0	2648	0	5578	0	7922	0	10122	0	7552	0	586	0	0	0	2590	0	0	0	124	0	1154	0	17326	0	472	0	0	0	1964	0	26300	0	0	0	0	0	0	0	0	0	0	0	0	0	0	0	0	0	0	0	0	0	0	0	0	0	0	
10708	Temporal_Pole_Mid_L	0	0	0	0	0	0	0	0	0	0	0	0	0	0	0	0	0	0	0	0	0	0	0	0	0	0	0	0	0	0	0	0	0	0	0	0	0	0	0	0	0	0	0	0	0	0	0	0	0	0	0	0	0	0	190	0	0	0	0	0	0	0	0	0	0	0	0	0	0	0	0	0	0	0	0	0	0	0	0	0	382	0	1680	0	1908	0	0	0	1194	0	0	0	0	0	0	0	0	0	0	0	0	0	0	0	0	0	0	0	0	0	0	0	0	0	0	0	
18644	Temporal_Pole_Mid_R	0	0	0	0	0	0	0	0	0	0	0	0	0	0	0	0	0	0	0	0	0	0	0	0	0	0	0	0	0	0	0	0	0	0	0	0	0	326	0	532	0	792	0	0	0	0	0	0	0	0	0	0	0	0	0	1490	0	0	0	0	0	0	0	0	0	0	0	0	0	0	0	0	0	0	0	0	0	0	0	0	0	206	0	1344	0	1964	0	0	0	2668	0	0	0	0	0	0	0	0	0	0	0	0	0	0	0	0	0	0	0	0	0	0	0	0	0	0	
227180	Temporal_Inf_L	738	0	140	0	0	0	154	0	0	0	0	0	0	0	0	0	188	0	130	0	0	0	0	0	0	0	0	0	3832	0	0	0	0	0	998	168	10660	0	2064	0	584	0	1214	0	244	0	1592	0	0	0	2582	0	8304	0	17174	0	296	0	0	0	542	0	788	0	240	0	1640	0	648	0	0	0	1896	0	0	0	112	0	2526	0	17932	0	2964	0	29144	0	1194	0	0	0	2034	0	114	0	0	0	186	0	454	0	114	0	0	0	0	0	0	0	0	0	0	0	0	0	0	0	
176344	Temporal_Inf_R	0	1808	0	0	0	0	0	0	0	0	0	220	0	0	0	0	0	188	0	0	0	0	0	0	0	0	0	0	0	4050	0	0	0	0	0	168	0	5832	0	658	0	1242	0	5538	0	258	0	1032	0	0	0	290	0	2038	0	11744	0	1614	0	442	0	748	0	2046	0	456	0	4390	0	128	0	0	0	2216	0	0	0	162	0	1010	0	7872	0	2898	0	26300	0	2668	0	0	0	156	0	0	0	0	0	0	0	0	0	0	0	0	0	0	0	0	0	0	0	0	0	0	0	0	
424656	Cerebelum_Crus1_L	0	0	0	0	0	0	0	0	0	0	0	0	0	0	0	0	0	0	0	0	0	0	0	0	0	0	0	0	0	0	0	0	0	0	0	0	404	0	108	0	0	0	0	0	0	0	5586	1094	0	0	0	0	0	0	17530	232	0	0	0	0	0	0	0	0	0	0	0	0	0	0	0	0	0	0	0	0	0	0	0	0	0	0	0	0	0	0	0	0	2034	0	0	3166	29762	576	5416	108	30796	1174	59314	4142	13302	0	15026	264	2222	310	516	0	614	1788	6606	5256	3072	1046	864	0	
419580	Cerebelum_Crus1_R	0	0	0	0	0	0	0	0	0	0	0	0	0	0	0	0	0	0	0	0	0	0	0	0	0	0	0	0	0	0	0	0	0	0	0	0	0	0	0	234	0	0	0	0	0	0	608	3406	0	0	0	0	0	0	0	8584	0	0	0	0	0	0	0	0	0	0	0	0	0	0	0	0	0	0	0	0	0	0	0	0	0	0	0	0	0	0	0	0	0	156	3166	0	2640	26772	0	3290	1752	22610	2756	56788	296	2440	390	19340	0	8132	0	430	992	2920	10870	11678	11198	4336	3774	232	
310964	Cerebelum_Crus2_L	0	0	0	0	0	0	0	0	0	0	0	0	0	0	0	0	0	0	0	0	0	0	0	0	0	0	0	0	0	0	0	0	0	0	0	0	0	0	0	0	0	0	0	0	0	0	814	1514	0	0	0	0	0	0	2006	360	0	0	0	0	0	0	0	0	0	0	0	0	0	0	0	0	0	0	0	0	0	0	0	0	0	0	0	0	0	0	0	0	114	0	29762	2640	0	9278	1084	0	2698	0	8954	1492	32216	2836	30528	1592	6406	1170	608	0	0	160	538	3764	6278	7336	1334	0	
285704	Cerebelum_Crus2_R	0	0	0	0	0	0	0	0	0	0	0	0	0	0	0	0	0	0	0	0	0	0	0	0	0	0	0	0	0	0	0	0	0	0	0	0	0	0	0	0	0	0	0	0	0	0	0	0	0	0	0	0	0	0	0	110	0	0	0	0	0	0	0	0	0	0	0	0	0	0	0	0	0	0	0	0	0	0	0	0	0	0	0	0	0	0	0	0	0	0	576	26772	9278	0	0	410	0	1778	550	7256	5006	13014	5814	27784	282	12508	0	488	320	574	796	2142	8476	12756	6024	138	
56284	Cerebelum_3_L	0	0	0	0	0	0	0	0	0	0	0	0	0	0	0	0	0	0	0	0	0	0	0	0	0	0	0	0	0	0	0	0	0	0	0	0	0	0	230	0	0	0	0	0	0	0	914	0	0	0	0	0	0	0	216	0	0	0	0	0	0	0	0	0	0	0	0	0	0	0	0	0	0	0	0	0	0	0	0	0	0	0	0	0	0	0	0	0	0	0	5416	0	1084	0	0	0	8478	0	6592	0	764	0	920	0	100	0	0	0	812	2116	500	0	0	0	0	0	
41168	Cerebelum_3_R	0	0	0	0	0	0	0	0	0	0	0	0	0	0	0	0	0	0	0	0	0	0	0	0	0	0	0	0	0	0	0	0	0	0	0	0	0	154	0	262	0	106	0	0	0	0	0	0	0	0	0	0	0	0	0	0	0	0	0	0	0	0	0	0	0	0	0	0	0	0	0	0	0	0	0	0	0	0	0	0	0	0	0	0	0	0	0	0	0	0	108	3290	0	410	0	0	166	4130	108	5156	0	0	0	256	0	186	0	0	1190	3898	644	132	118	130	140	0	
328312	Cerebelum_4_5_L	0	0	0	0	0	0	0	0	0	0	0	0	0	0	0	0	0	0	0	0	0	0	0	0	0	0	0	0	0	0	0	0	0	0	0	0	0	0	592	0	0	0	0	0	0	0	14746	1410	0	0	0	0	686	0	14650	170	0	0	0	0	0	0	0	0	0	0	0	0	0	0	0	0	0	0	0	0	0	0	0	0	0	0	0	0	0	0	0	0	186	0	30796	1752	2698	0	8478	166	0	2608	45450	3234	2646	0	2510	0	4874	238	1592	0	686	2164	18006	2856	0	264	398	300	
202928	Cerebelum_4_5_R	0	0	0	0	0	0	0	0	0	0	0	0	0	0	0	0	0	0	0	0	0	0	0	0	0	0	0	0	0	0	0	0	0	0	0	96	0	1246	0	1440	0	0	0	106	0	0	1324	3828	0	0	0	0	122	0	366	5478	0	0	0	0	0	0	0	0	0	0	0	290	0	0	0	0	0	0	0	0	0	388	0	0	0	0	0	0	0	0	0	0	0	0	1174	22610	0	1778	0	4130	2608	0	1704	31388	0	0	0	1488	0	768	0	132	378	1690	13412	572	974	908	838	228	
433692	Cerebelum_6_L	0	0	0	0	0	0	0	0	0	0	0	0	0	0	0	0	0	0	0	0	0	0	0	0	0	0	0	0	0	0	0	0	0	0	0	0	0	0	160	0	0	0	0	0	0	0	13064	1150	0	0	0	0	704	0	24186	112	0	0	0	0	0	0	0	0	0	0	0	0	0	0	0	0	0	0	0	0	0	0	0	0	0	0	0	0	0	0	0	0	454	0	59314	2756	8954	550	6592	108	45450	1704	0	3992	7372	116	8692	250	3446	468	754	0	728	2056	12342	7620	1258	1290	1204	0	
381672	Cerebelum_6_R	0	0	0	0	0	0	0	0	0	0	0	0	0	0	0	0	0	0	0	0	0	0	0	0	0	0	0	0	0	0	0	0	0	0	0	0	0	0	0	284	0	0	0	0	0	0	1372	4716	0	0	0	0	120	0	354	9802	0	0	0	0	0	0	0	0	0	0	0	0	0	0	0	0	0	0	0	0	0	0	0	0	0	0	0	0	0	0	0	0	0	0	4142	56788	1492	7256	0	5156	3234	31388	3992	0	0	118	0	6444	0	4050	0	458	1254	3578	15226	12852	9364	3670	3258	468	
254948	Cerebelum_7b_L	0	0	0	0	0	0	0	0	0	0	0	0	0	0	0	0	0	0	0	0	0	0	0	0	0	0	0	0	0	0	0	0	0	0	0	0	0	0	0	0	0	0	0	0	0	0	0	0	0	0	0	0	0	0	906	0	0	0	0	0	0	0	0	0	0	0	0	0	0	0	0	0	0	0	0	0	0	0	0	0	0	0	0	0	0	0	0	0	114	0	13302	296	32216	5006	764	0	2646	0	7372	0	0	2334	36270	1702	8574	1030	1148	0	0	104	1164	1174	1690	8234	1428	0	
94492	Cerebelum_7b_R	0	0	0	0	0	0	0	0	0	0	0	0	0	0	0	0	0	0	0	0	0	0	0	0	0	0	0	0	0	0	0	0	0	0	0	0	0	0	0	0	0	0	0	0	0	0	0	0	0	0	0	0	0	0	0	0	0	0	0	0	0	0	0	0	0	0	0	0	0	0	0	0	0	0	0	0	0	0	0	0	0	0	0	0	0	0	0	0	0	0	0	2440	2836	13014	0	0	0	0	116	118	2334	0	3480	13180	0	4160	0	0	0	0	0	106	526	4816	120	0	
313088	Cerebelum_8_L	0	0	0	0	0	0	0	0	0	0	0	0	0	0	0	0	0	0	0	0	0	0	0	0	0	0	0	0	0	0	0	0	0	0	0	0	0	0	0	0	0	0	0	0	0	0	0	0	0	0	0	0	0	0	1466	0	0	0	0	0	0	0	0	0	0	0	0	0	0	0	0	0	0	0	0	0	0	0	0	0	0	0	0	0	0	0	0	0	0	0	15026	390	30528	5814	920	0	2510	0	8692	0	36270	3480	0	4128	19272	2536	2204	0	0	166	1192	2522	2290	12868	4270	0	
261160	Cerebelum_8_R	0	0	0	0	0	0	0	0	0	0	0	0	0	0	0	0	0	0	0	0	0	0	0	0	0	0	0	0	0	0	0	0	0	0	0	0	0	0	0	0	0	0	0	0	0	0	0	0	0	0	0	0	0	0	0	502	0	0	0	0	0	0	0	0	0	0	0	0	0	0	0	0	0	0	0	0	0	0	0	0	0	0	0	0	0	0	0	0	0	0	264	19340	1592	27784	0	256	0	1488	250	6444	1702	13180	4128	0	844	26056	0	688	460	526	964	1038	5294	10288	7148	344	
131224	Cerebelum_9_L	0	0	0	0	0	0	0	0	0	0	0	0	0	0	0	0	0	0	0	0	0	0	0	0	0	0	0	0	0	0	0	0	0	0	0	0	0	0	0	0	0	0	0	0	0	0	178	0	0	0	0	0	0	0	0	0	0	0	0	0	0	0	0	0	0	0	0	0	0	0	0	0	0	0	0	0	0	0	0	0	0	0	0	0	0	0	0	0	0	0	2222	0	6406	282	100	0	4874	0	3446	0	8574	0	19272	844	0	2588	3894	0	0	0	4840	2422	496	1730	3090	354	
205188	Cerebelum_9_R	0	0	0	0	0	0	0	0	0	0	0	0	0	0	0	0	0	0	0	0	0	0	0	0	0	0	0	0	0	0	0	0	0	0	0	0	0	0	0	0	0	0	0	0	0	0	136	0	0	0	0	0	0	0	0	152	0	0	0	0	0	0	0	0	0	0	0	0	0	0	0	0	0	0	0	0	0	0	0	0	0	0	0	0	0	0	0	0	0	0	310	8132	1170	12508	0	186	238	768	468	4050	1030	4160	2536	26056	2588	0	0	1492	206	328	4534	5840	3860	9022	10934	1890	
24572	Cerebelum_10_L	0	0	0	0	0	0	0	0	0	0	0	0	0	0	0	0	0	0	0	0	0	0	0	0	0	0	0	0	0	0	0	0	0	0	0	0	0	0	0	0	0	0	0	0	0	0	0	0	0	0	0	0	0	0	0	0	0	0	0	0	0	0	0	0	0	0	0	0	0	0	0	0	0	0	0	0	0	0	0	0	0	0	0	0	0	0	0	0	0	0	516	0	608	0	0	0	1592	0	754	0	1148	0	2204	0	3894	0	0	0	0	0	1306	264	0	0	0	0	
16444	Cerebelum_10_R	0	0	0	0	0	0	0	0	0	0	0	0	0	0	0	0	0	0	0	0	0	0	0	0	0	0	0	0	0	0	0	0	0	0	0	0	0	0	0	0	0	0	0	0	0	0	0	0	0	0	0	0	0	0	0	0	0	0	0	0	0	0	0	0	0	0	0	0	0	0	0	0	0	0	0	0	0	0	0	0	0	0	0	0	0	0	0	0	0	0	0	430	0	488	0	0	0	132	0	458	0	0	0	688	0	1492	0	0	0	0	840	794	604	1134	1162	0	
31492	Vermis_1_2	0	0	0	0	0	0	0	0	0	0	0	0	0	0	0	0	0	0	0	0	0	0	0	0	0	0	0	0	0	0	0	0	0	0	0	0	0	0	0	0	0	0	0	0	0	0	0	0	0	0	0	0	0	0	0	0	0	0	0	0	0	0	0	0	0	0	0	0	0	0	0	0	0	0	0	0	0	0	0	0	0	0	0	0	0	0	0	0	0	0	614	992	0	320	812	1190	686	378	728	1254	0	0	0	460	0	206	0	0	0	5824	1494	124	258	244	162	0	
64748	Vermis_3	0	0	0	0	0	0	0	0	0	0	0	0	0	0	0	0	0	0	0	0	0	0	0	0	0	0	0	0	0	0	0	0	0	0	0	0	0	0	0	0	0	0	0	0	0	0	136	0	0	0	0	0	0	0	0	0	0	0	0	0	0	0	0	0	0	0	0	0	0	0	0	0	0	0	0	0	0	0	0	0	0	0	0	0	0	0	0	0	0	0	1788	2920	160	574	2116	3898	2164	1690	2056	3578	104	0	166	526	0	328	0	0	5824	0	3202	198	300	292	250	104	
270916	Vermis_4_5	0	0	0	0	0	0	0	0	0	0	0	0	0	0	0	0	0	0	0	0	0	0	0	0	0	0	0	0	0	0	0	0	0	0	0	372	0	310	0	0	0	0	0	0	0	0	5232	4214	0	0	0	0	312	0	1788	2234	0	0	0	0	0	0	0	0	0	0	0	642	0	0	0	0	0	0	0	0	0	0	0	0	0	0	0	0	0	0	0	0	0	0	6606	10870	538	796	500	644	18006	13412	12342	15226	1164	0	1192	964	4840	4534	1306	840	1494	3202	0	9818	1294	3848	4600	2318	
205180	Vermis_6	0	0	0	0	0	0	0	0	0	0	0	0	0	0	0	0	0	0	0	0	0	0	0	0	0	0	0	0	0	0	0	0	0	0	0	0	0	0	0	0	0	0	0	0	0	0	1336	3854	0	0	0	0	0	0	246	1570	0	0	0	0	0	0	0	0	0	0	0	0	0	0	0	0	0	0	0	0	0	0	0	0	0	0	0	0	0	0	0	0	0	0	5256	11678	3764	2142	0	132	2856	572	7620	12852	1174	106	2522	1038	2422	5840	264	794	124	198	9818	0	9402	6022	6882	2106	
165836	Vermis_7	0	0	0	0	0	0	0	0	0	0	0	0	0	0	0	0	0	0	0	0	0	0	0	0	0	0	0	0	0	0	0	0	0	0	0	0	0	0	0	0	0	0	0	0	0	0	104	1698	0	0	0	0	0	0	0	666	0	0	0	0	0	0	0	0	0	0	0	0	0	0	0	0	0	0	0	0	0	0	0	0	0	0	0	0	0	0	0	0	0	0	3072	11198	6278	8476	0	118	0	974	1258	9364	1690	526	2290	5294	496	3860	0	604	258	300	1294	9402	0	8368	5226	104	
223844	Vermis_8	0	0	0	0	0	0	0	0	0	0	0	0	0	0	0	0	0	0	0	0	0	0	0	0	0	0	0	0	0	0	0	0	0	0	0	0	0	0	0	0	0	0	0	0	0	0	124	0	0	0	0	0	0	0	0	0	0	0	0	0	0	0	0	0	0	0	0	0	0	0	0	0	0	0	0	0	0	0	0	0	0	0	0	0	0	0	0	0	0	0	1046	4336	7336	12756	0	130	264	908	1290	3670	8234	4816	12868	10288	1730	9022	0	1134	244	292	3848	6022	8368	0	12844	352	
154324	Vermis_9	0	0	0	0	0	0	0	0	0	0	0	0	0	0	0	0	0	0	0	0	0	0	0	0	0	0	0	0	0	0	0	0	0	0	0	0	0	0	0	0	0	0	0	0	0	0	148	0	0	0	0	0	0	0	0	0	0	0	0	0	0	0	0	0	0	0	0	0	0	0	0	0	0	0	0	0	0	0	0	0	0	0	0	0	0	0	0	0	0	0	864	3774	1334	6024	0	140	398	838	1204	3258	1428	120	4270	7148	3090	10934	0	1162	162	250	4600	6882	5226	12844	0	1064	
20188	Vermis_10	0	0	0	0	0	0	0	0	0	0	0	0	0	0	0	0	0	0	0	0	0	0	0	0	0	0	0	0	0	0	0	0	0	0	0	0	0	0	0	0	0	0	0	0	0	0	92	0	0	0	0	0	0	0	0	0	0	0	0	0	0	0	0	0	0	0	0	0	0	0	0	0	0	0	0	0	0	0	0	0	0	0	0	0	0	0	0	0	0	0	0	232	0	138	0	0	300	228	0	468	0	0	0	344	354	1890	0	0	0	104	2318	2106	104	352	1064	0	
