data	data	307744	445364	1.02e+06	860456	117432	101160	430872	217632	72216	22328	252952	189320	243424	158900	155192	83808	186220	140932	666220	525748	60628	64896	424276	389488	20144	84748	41028	58524	553208	335108	337780	484864	190840	496140	113316	156740	179160	261200	39392	120384	38628	33404	224896	394616	189484	516828	189248	228396	251400	577188	468932	247240	111756	74964	206308	276756	188324	312140	217756	164000	172808	132552	87648	123892	111424	104336	318216	587428	138664	229612	250416	410520	287336	281292	68128	20628	96552	149868	59840	18624	233816	75784	98384	30568	294508	183440	10188	10944	230524	190260	279108	307876	146700	155732	10888	36808	151348	138364	270040	279700	105584	48984	114072	117512	34632	52732	6372	7336	9164	26704	89840	101004	101280	31424	29004	13068	
data	data	Precentral_L	Precentral_R	Frontal_Sup_L	Frontal_Sup_R	Frontal_Sup_Orb_L	Frontal_Sup_Orb_R	Frontal_Mid_L	Frontal_Mid_R	Frontal_Mid_Orb_L	Frontal_Mid_Orb_R	Frontal_Inf_Oper_L	Frontal_Inf_Oper_R	Frontal_Inf_Tri_L	Frontal_Inf_Tri_R	Frontal_Inf_Orb_L	Frontal_Inf_Orb_R	Rolandic_Oper_L	Rolandic_Oper_R	Supp_Motor_Area_L	Supp_Motor_Area_R	Olfactory_L	Olfactory_R	Frontal_Sup_Medial_L	Frontal_Sup_Medial_R	Frontal_Med_Orb_L	Frontal_Med_Orb_R	Rectus_L	Rectus_R	Insula_L	Insula_R	Cingulum_Ant_L	Cingulum_Ant_R	Cingulum_Mid_L	Cingulum_Mid_R	Cingulum_Post_L	Cingulum_Post_R	Hippocampus_L	Hippocampus_R	ParaHippocampal_L	ParaHippocampal_R	Amygdala_L	Amygdala_R	Calcarine_L	Calcarine_R	Cuneus_L	Cuneus_R	Lingual_L	Lingual_R	Occipital_Sup_L	Occipital_Sup_R	Occipital_Mid_L	Occipital_Mid_R	Occipital_Inf_L	Occipital_Inf_R	Fusiform_L	Fusiform_R	Postcentral_L	Postcentral_R	Parietal_Sup_L	Parietal_Sup_R	Parietal_Inf_L	Parietal_Inf_R	SupraMarginal_L	SupraMarginal_R	Angular_L	Angular_R	Precuneus_L	Precuneus_R	Paracentral_Lobule_L	Paracentral_Lobule_R	Caudate_L	Caudate_R	Putamen_L	Putamen_R	Pallidum_L	Pallidum_R	Thalamus_L	Thalamus_R	Heschl_L	Heschl_R	Temporal_Sup_L	Temporal_Sup_R	Temporal_Pole_Sup_L	Temporal_Pole_Sup_R	Temporal_Mid_L	Temporal_Mid_R	Temporal_Pole_Mid_L	Temporal_Pole_Mid_R	Temporal_Inf_L	Temporal_Inf_R	Cerebelum_Crus1_L	Cerebelum_Crus1_R	Cerebelum_Crus2_L	Cerebelum_Crus2_R	Cerebelum_3_L	Cerebelum_3_R	Cerebelum_4_5_L	Cerebelum_4_5_R	Cerebelum_6_L	Cerebelum_6_R	Cerebelum_7b_L	Cerebelum_7b_R	Cerebelum_8_L	Cerebelum_8_R	Cerebelum_9_L	Cerebelum_9_R	Cerebelum_10_L	Cerebelum_10_R	Vermis_1_2	Vermis_3	Vermis_4_5	Vermis_6	Vermis_7	Vermis_8	Vermis_9	Vermis_10	
307744	Precentral_L	0	5376	9460	2960	0	0	11342	0	0	0	10890	0	1882	0	0	0	7222	0	5304	2414	0	0	0	0	0	0	0	0	8418	0	0	0	496	1444	5616	566	7174	216	396	0	0	0	506	0	184	0	374	0	138	0	742	0	442	0	320	0	21998	0	0	0	1144	0	874	0	0	0	1926	184	9758	1554	2816	0	5488	0	3208	0	12476	0	3576	0	2046	0	486	0	1454	0	0	0	1002	0	0	0	0	0	0	0	0	0	0	0	0	0	0	0	0	0	0	0	0	0	0	0	0	0	0	0	
445364	Precentral_R	5376	0	4404	36592	0	0	634	8012	0	0	178	5494	0	188	0	0	0	1186	5770	7928	0	0	0	0	0	0	0	0	352	5564	194	0	316	4690	748	3498	0	6728	0	712	0	120	0	2450	0	4338	0	572	0	3976	110	966	0	0	0	2086	276	15134	106	2384	0	944	0	790	0	0	200	9636	5518	17900	1346	20664	772	7256	0	450	586	23692	0	0	0	194	0	0	0	154	0	0	0	1498	0	0	0	0	0	0	0	0	0	0	0	0	0	0	0	0	0	0	0	0	0	0	0	0	0	0	
1.02e+06	Frontal_Sup_L	9460	4404	0	19468	7270	0	77630	1424	2144	0	16974	3462	19650	2390	9678	264	7578	1308	104778	12094	516	0	49124	6476	750	0	0	0	39750	3474	21706	4526	3162	4606	186	234	1128	5426	0	0	228	0	0	0	0	0	0	0	0	0	0	0	0	0	530	0	1548	0	0	0	0	0	292	0	0	0	0	0	1380	0	15462	3054	23734	886	7776	454	3114	1222	0	0	4948	0	3836	0	0	0	0	0	494	0	0	0	0	0	0	0	0	0	0	0	0	0	0	0	0	0	0	0	0	0	0	0	0	0	0	0	
860456	Frontal_Sup_R	2960	36592	19468	0	0	5436	1032	29802	0	474	522	12350	560	10828	0	5224	0	8558	19322	40664	0	960	15354	47166	0	2600	0	1388	678	14362	9152	44434	2890	26510	112	190	0	1684	0	0	0	0	0	0	0	0	0	0	0	0	0	0	0	0	0	0	264	0	0	0	0	0	0	0	0	0	0	0	418	126	2120	33098	846	12958	0	776	458	17892	0	0	0	0	0	0	0	0	0	0	0	0	0	0	0	0	0	0	0	0	0	0	0	0	0	0	0	0	0	0	0	0	0	0	0	0	0	0	
117432	Frontal_Sup_Orb_L	0	0	7270	0	0	0	744	0	11314	0	0	0	292	0	12016	0	0	0	0	0	2526	0	2660	0	2112	0	4234	0	7074	0	2632	0	0	0	0	0	0	0	0	0	316	0	0	0	0	0	0	0	0	0	0	0	0	0	0	0	0	0	0	0	0	0	0	0	0	0	0	0	0	0	0	0	4338	0	0	0	0	0	0	0	0	0	1188	0	0	0	0	0	0	0	0	0	0	0	0	0	0	0	0	0	0	0	0	0	0	0	0	0	0	0	0	0	0	0	0	0	
101160	Frontal_Sup_Orb_R	0	0	0	5436	0	0	0	472	0	3512	0	0	0	0	0	2636	0	0	0	0	0	1028	398	7178	240	11532	0	7582	0	1736	294	3054	0	0	0	0	0	0	0	0	0	0	0	0	0	0	0	0	0	0	0	0	0	0	0	0	0	0	0	0	0	0	0	0	0	0	0	0	0	0	0	2054	0	3428	0	0	0	0	0	0	0	0	0	0	0	0	0	0	0	0	0	0	0	0	0	0	0	0	0	0	0	0	0	0	0	0	0	0	0	0	0	0	0	0	0	0	
430872	Frontal_Mid_L	11342	634	77630	1032	744	0	0	0	2332	0	13764	0	25590	0	6638	0	824	0	15938	566	0	0	23312	1828	0	0	0	0	14440	0	8192	1468	1170	1540	146	136	520	0	0	0	0	0	0	0	0	0	0	0	0	0	0	0	0	0	0	0	0	0	0	0	0	0	0	0	0	0	0	0	1078	0	426	0	1576	0	1272	0	474	0	268	0	358	0	198	0	0	0	0	0	0	0	0	0	0	0	0	0	0	0	0	0	0	0	0	0	0	0	0	0	0	0	0	0	0	0	0	0	
217632	Frontal_Mid_R	0	8012	1424	29802	0	472	0	0	0	1018	250	4796	206	10482	0	4080	0	5684	1592	6872	0	0	898	4648	0	0	0	0	182	11424	442	3040	186	4054	0	0	0	726	0	0	0	0	0	0	0	0	0	0	0	0	0	0	0	0	0	0	0	152	0	0	0	0	0	0	0	0	0	0	0	0	1306	2170	0	4732	0	0	0	166	0	0	0	0	0	0	0	0	0	0	0	0	0	0	0	0	0	0	0	0	0	0	0	0	0	0	0	0	0	0	0	0	0	0	0	0	0	0	
72216	Frontal_Mid_Orb_L	0	0	2144	0	11314	0	2332	0	0	0	0	0	910	0	11696	0	0	0	0	0	1140	0	360	0	236	0	1692	0	2254	0	854	0	0	0	0	0	0	0	0	0	0	0	0	0	0	0	0	0	0	0	0	0	0	0	0	0	0	0	0	0	0	0	0	0	0	0	0	0	0	0	0	0	786	0	0	0	0	0	0	0	0	0	390	0	0	0	0	0	0	0	0	0	0	0	0	0	0	0	0	0	0	0	0	0	0	0	0	0	0	0	0	0	0	0	0	0	
22328	Frontal_Mid_Orb_R	0	0	0	474	0	3512	0	1018	0	0	0	0	0	0	0	4516	0	0	0	0	0	250	0	0	0	410	0	346	0	638	0	0	0	0	0	0	0	0	0	0	0	0	0	0	0	0	0	0	0	0	0	0	0	0	0	0	0	0	0	0	0	0	0	0	0	0	0	0	0	0	0	0	0	0	0	0	0	0	0	0	0	0	0	0	0	0	0	0	0	0	0	0	0	0	0	0	0	0	0	0	0	0	0	0	0	0	0	0	0	0	0	0	0	0	0	0	
252952	Frontal_Inf_Oper_L	10890	178	16974	522	0	0	13764	250	0	0	0	202	13474	482	0	120	7476	0	12212	150	0	0	162	0	0	0	0	0	18508	2132	862	240	0	232	246	0	1620	0	0	0	0	0	0	0	0	0	0	0	0	0	0	0	0	0	0	0	3532	0	0	0	0	0	0	0	0	0	274	0	0	0	5602	2120	2182	0	1078	0	0	0	1588	0	4406	0	4504	0	286	0	0	0	208	0	0	0	0	0	0	0	0	0	0	0	0	0	0	0	0	0	0	0	0	0	0	0	0	0	0	0	
189320	Frontal_Inf_Oper_R	0	5494	3462	12350	0	0	0	4796	0	0	202	0	0	11636	0	1134	156	7028	3472	7696	0	0	0	720	0	0	0	0	206	17174	0	728	0	1474	0	0	0	1126	0	186	0	0	0	0	0	0	0	0	0	0	0	0	0	0	0	180	0	310	0	0	0	0	0	0	0	0	0	106	0	0	1742	7796	0	5206	0	172	0	0	0	0	0	0	108	0	0	0	0	0	0	0	0	0	0	0	0	0	0	0	0	0	0	0	0	0	0	0	0	0	0	0	0	0	0	0	0	0	
243424	Frontal_Inf_Tri_L	1882	0	19650	560	292	0	25590	206	910	0	13474	0	0	274	12078	130	132	0	8002	156	0	0	2680	0	0	0	0	0	23134	572	5680	402	124	402	0	0	0	0	0	0	0	0	0	0	0	0	0	0	0	0	0	0	0	0	0	0	1142	0	0	0	0	0	134	0	0	0	0	0	0	0	2222	750	506	0	0	0	0	0	0	0	0	0	628	0	0	0	0	0	0	0	0	0	0	0	0	0	0	0	0	0	0	0	0	0	0	0	0	0	0	0	0	0	0	0	0	0	
158900	Frontal_Inf_Tri_R	0	188	2390	10828	0	0	0	10482	0	0	482	11636	274	0	0	5218	164	0	2482	6498	0	0	146	684	0	0	0	0	264	11538	232	1274	0	2866	0	0	0	0	0	0	0	0	0	0	0	0	0	0	0	0	0	0	0	0	0	0	0	0	0	0	0	0	0	0	0	0	0	0	0	0	2260	4810	0	4500	0	0	0	120	0	0	0	0	114	0	0	0	0	0	0	0	0	0	0	0	0	0	0	0	0	0	0	0	0	0	0	0	0	0	0	0	0	0	0	0	0	0	
155192	Frontal_Inf_Orb_L	0	0	9678	0	12016	0	6638	0	11696	0	0	0	12078	0	0	0	0	0	706	0	1794	0	1112	0	0	0	604	0	15432	0	832	0	0	0	0	0	168	0	0	0	224	0	0	0	0	0	0	0	0	0	0	0	0	0	0	0	0	0	0	0	0	0	0	0	0	0	0	0	0	0	0	0	1072	0	0	0	0	0	0	0	0	0	3546	0	0	0	0	0	0	0	0	0	0	0	0	0	0	0	0	0	0	0	0	0	0	0	0	0	0	0	0	0	0	0	0	0	
83808	Frontal_Inf_Orb_R	0	0	264	5224	0	2636	0	4080	0	4516	120	1134	130	5218	0	0	0	0	282	408	0	694	0	1098	0	274	0	578	0	7732	0	662	0	108	0	0	0	0	0	0	0	0	0	0	0	0	0	0	0	0	0	0	0	0	0	0	0	0	0	0	0	0	0	0	0	0	0	0	0	0	578	2736	0	3318	0	0	0	0	0	0	0	0	0	114	0	0	0	0	0	0	0	0	0	0	0	0	0	0	0	0	0	0	0	0	0	0	0	0	0	0	0	0	0	0	0	0	
186220	Rolandic_Oper_L	7222	0	7578	0	0	0	824	0	0	0	7476	156	132	164	0	0	0	0	2672	0	0	0	0	0	0	0	0	0	18088	284	0	0	844	0	0	0	566	0	0	0	0	0	298	0	0	0	292	0	1200	0	3722	0	508	0	244	0	7132	0	2268	0	728	0	2706	0	120	0	708	0	0	0	790	162	1744	0	1004	0	0	0	2560	0	12472	0	3290	0	3328	0	0	0	1828	0	0	0	0	0	0	0	0	0	0	0	0	0	0	0	0	0	0	0	0	0	0	0	0	0	0	0	
140932	Rolandic_Oper_R	0	1186	1308	8558	0	0	0	5684	0	0	0	7028	0	0	0	0	0	0	1324	4406	0	0	0	268	0	0	0	0	0	18326	0	136	0	428	0	0	0	1706	0	0	0	0	0	138	0	162	0	0	0	142	0	0	0	0	0	0	0	3522	0	0	0	166	0	2344	0	0	0	272	0	0	322	3800	0	5178	0	1456	0	0	0	320	0	1944	0	342	0	0	0	0	0	0	0	0	0	0	0	0	0	0	0	0	0	0	0	0	0	0	0	0	0	0	0	0	0	0	0	0	
666220	Supp_Motor_Area_L	5304	5770	104778	19322	0	0	15938	1592	0	0	12212	3472	8002	2482	706	282	2672	1324	0	32596	0	0	6870	1016	0	0	0	0	12844	3446	9428	5772	9794	15484	1010	856	180	4352	0	0	0	0	0	0	0	0	0	0	0	0	0	0	0	0	0	0	108	0	0	0	0	0	0	0	0	0	0	0	5554	232	14346	2956	11166	850	3906	388	2668	1182	0	0	1380	0	870	0	0	0	0	0	0	0	0	0	0	0	0	0	0	0	0	0	0	0	0	0	0	0	0	0	0	0	0	0	0	0	0	0	
525748	Supp_Motor_Area_R	2414	7928	12094	40664	0	0	566	6872	0	0	150	7696	156	6498	0	408	0	4406	32596	0	0	0	2618	8006	0	0	0	0	172	4614	2148	22268	5280	50796	1012	7670	0	0	0	0	0	0	0	1086	0	1016	0	492	0	0	0	0	0	0	0	0	0	3276	0	0	0	0	0	0	0	0	0	4510	3170	14870	366	5740	182	862	0	272	0	0	0	0	0	0	0	0	0	0	0	0	0	0	0	0	0	0	0	0	0	0	0	0	0	0	0	0	0	0	0	0	0	0	0	0	0	0	0	0	
60628	Olfactory_L	0	0	516	0	2526	0	0	0	1140	0	0	0	0	0	1794	0	0	0	0	0	0	3504	168	0	308	246	3204	256	1824	0	2140	900	0	0	0	0	398	0	246	0	1122	0	0	0	0	0	0	0	0	0	0	0	0	0	200	0	0	0	0	0	0	0	0	0	0	0	0	0	0	0	4556	2092	2490	0	0	0	0	0	0	0	0	0	684	0	0	0	0	0	0	0	0	0	0	0	0	0	0	0	0	0	0	0	0	0	0	0	0	0	0	0	0	0	0	0	0	0	
64896	Olfactory_R	0	0	0	960	0	1028	0	0	0	250	0	0	0	0	0	694	0	0	0	0	3504	0	0	580	236	832	1632	2592	0	1534	1856	1494	0	0	0	0	0	0	0	0	0	186	0	0	0	0	0	0	0	0	0	0	0	0	0	0	0	0	0	0	0	0	0	0	0	0	0	0	0	0	6300	4612	3844	314	0	0	0	0	0	0	0	0	0	0	0	0	0	0	0	0	0	0	0	0	0	0	0	0	0	0	0	0	0	0	0	0	0	0	0	0	0	0	0	0	0	0	
424276	Frontal_Sup_Medial_L	0	0	49124	15354	2660	398	23312	898	360	0	162	0	2680	146	1112	0	0	0	6870	2618	168	0	0	27834	1856	948	218	0	4802	0	25884	19970	6990	14090	0	0	0	0	0	0	0	0	0	0	0	0	0	0	0	0	0	0	0	0	0	0	0	0	0	0	0	0	0	0	0	0	0	0	0	0	218	160	2938	0	0	0	0	0	0	0	0	0	368	0	0	0	0	0	0	0	0	0	0	0	0	0	0	0	0	0	0	0	0	0	0	0	0	0	0	0	0	0	0	0	0	0	
389488	Frontal_Sup_Medial_R	0	0	6476	47166	0	7178	1828	4648	0	0	0	720	0	684	0	1098	0	268	1016	8006	0	580	27834	0	350	7104	0	1702	0	1726	10152	35814	800	18166	0	0	0	0	0	0	0	0	0	0	0	0	0	0	0	0	0	0	0	0	0	0	0	0	0	0	0	0	0	0	0	0	0	0	0	0	0	5308	0	6120	0	0	0	0	0	0	0	0	0	0	0	0	0	0	0	0	0	0	0	0	0	0	0	0	0	0	0	0	0	0	0	0	0	0	0	0	0	0	0	0	0	0	
20144	Frontal_Med_Orb_L	0	0	750	0	2112	240	0	0	236	0	0	0	0	0	0	0	0	0	0	0	308	236	1856	350	0	846	746	250	0	0	1454	0	0	0	0	0	0	0	0	0	0	0	0	0	0	0	0	0	0	0	0	0	0	0	0	0	0	0	0	0	0	0	0	0	0	0	0	0	0	0	358	120	210	0	0	0	0	0	0	0	0	0	0	0	0	0	0	0	0	0	0	0	0	0	0	0	0	0	0	0	0	0	0	0	0	0	0	0	0	0	0	0	0	0	0	0	
84748	Frontal_Med_Orb_R	0	0	0	2600	0	11532	0	0	0	410	0	0	0	0	0	274	0	0	0	0	246	832	948	7104	846	0	126	8018	0	346	482	3488	0	0	0	0	0	0	0	0	0	0	0	0	0	0	0	0	0	0	0	0	0	0	0	0	0	0	0	0	0	0	0	0	0	0	0	0	0	0	254	2572	0	2296	0	0	0	0	0	0	0	0	0	0	0	0	0	0	0	0	0	0	0	0	0	0	0	0	0	0	0	0	0	0	0	0	0	0	0	0	0	0	0	0	0	0	
41028	Rectus_L	0	0	0	0	4234	0	0	0	1692	0	0	0	0	0	604	0	0	0	0	0	3204	1632	218	0	746	126	0	184	0	0	2408	532	0	0	0	0	0	0	0	0	0	0	0	0	0	0	0	0	0	0	0	0	0	0	0	0	0	0	0	0	0	0	0	0	0	0	0	0	0	0	2320	910	1704	0	0	0	0	0	0	0	0	0	0	0	0	0	0	0	0	0	0	0	0	0	0	0	0	0	0	0	0	0	0	0	0	0	0	0	0	0	0	0	0	0	0	0	
58524	Rectus_R	0	0	0	1388	0	7582	0	0	0	346	0	0	0	0	0	578	0	0	0	0	256	2592	0	1702	250	8018	184	0	0	562	264	1744	0	0	0	0	0	0	0	0	0	0	0	0	0	0	0	0	0	0	0	0	0	0	0	0	0	0	0	0	0	0	0	0	0	0	0	0	0	0	254	1932	0	1610	0	0	0	0	0	0	0	0	0	0	0	0	0	0	0	0	0	0	0	0	0	0	0	0	0	0	0	0	0	0	0	0	0	0	0	0	0	0	0	0	0	0	
553208	Insula_L	8418	352	39750	678	7074	0	14440	182	2254	0	18508	206	23134	264	15432	0	18088	0	12844	172	1824	0	4802	0	0	0	0	0	0	1832	9150	280	0	258	344	0	11308	0	530	0	2390	0	452	0	0	0	380	0	0	0	1168	0	462	0	5674	0	3602	0	0	0	160	0	846	0	236	0	678	0	0	0	5706	1780	19454	0	2184	0	0	0	5178	0	15324	0	9288	0	2712	0	0	0	6806	0	0	0	0	0	0	0	0	0	0	0	0	0	0	0	0	0	0	0	0	0	0	0	0	0	0	0	
335108	Insula_R	0	5564	3474	14362	0	1736	0	11424	0	638	2132	17174	572	11538	0	7732	284	18326	3446	4614	0	1534	0	1726	0	346	0	562	1832	0	216	548	0	424	188	194	0	5018	0	364	0	524	0	0	0	152	0	0	0	212	0	0	0	0	0	556	0	1686	0	188	0	498	0	1086	0	0	0	330	0	0	4238	13774	0	23978	0	714	164	226	0	836	126	1344	394	418	0	0	0	0	0	142	0	0	0	0	0	0	0	0	0	0	0	0	0	0	0	0	0	0	0	0	0	0	0	0	0	0	
337780	Cingulum_Ant_L	0	194	21706	9152	2632	294	8192	442	854	0	862	0	5680	232	832	0	0	0	9428	2148	2140	1856	25884	10152	1454	482	2408	264	9150	216	0	19144	3776	7002	0	0	0	0	0	0	0	0	0	0	0	0	0	0	0	0	0	0	0	0	0	0	0	0	0	0	0	0	0	0	0	0	0	0	0	0	6322	3234	11966	426	0	0	0	0	0	0	0	0	366	0	0	0	0	0	0	0	0	0	0	0	0	0	0	0	0	0	0	0	0	0	0	0	0	0	0	0	0	0	0	0	0	0	
484864	Cingulum_Ant_R	0	0	4526	44434	0	3054	1468	3040	0	0	240	728	402	1274	0	662	0	136	5772	22268	900	1494	19970	35814	0	3488	532	1744	280	548	19144	0	4016	35156	0	0	0	0	0	0	0	0	0	0	0	0	0	0	0	0	0	0	0	0	0	0	0	0	0	0	0	0	0	0	0	0	0	0	0	0	2472	15634	1282	11954	0	0	0	0	0	0	0	0	0	0	0	0	0	0	0	0	0	0	0	0	0	0	0	0	0	0	0	0	0	0	0	0	0	0	0	0	0	0	0	0	0	0	
190840	Cingulum_Mid_L	496	316	3162	2890	0	0	1170	186	0	0	0	0	124	0	0	0	844	0	9794	5280	0	0	6990	800	0	0	0	0	0	0	3776	4016	0	10178	2914	758	0	0	0	0	0	0	1000	0	2164	232	136	0	5714	0	5136	0	0	0	0	0	1976	0	5934	0	1300	0	0	0	376	0	8058	674	7652	404	106	0	0	0	0	0	0	0	0	0	134	0	0	0	534	0	0	0	196	0	0	0	0	0	0	0	0	0	0	0	0	0	0	0	0	0	0	0	0	0	0	0	0	0	0	0	
496140	Cingulum_Mid_R	1444	4690	4606	26510	0	0	1540	4054	0	0	232	1474	402	2866	0	108	0	428	15484	50796	0	0	14090	18166	0	0	0	0	258	424	7002	35156	10178	0	1188	9510	0	0	0	0	0	0	0	1688	0	2648	0	1082	0	0	0	0	0	0	0	0	0	3138	0	250	0	0	0	0	0	0	412	11714	1628	13198	280	752	114	560	0	0	0	0	0	0	0	0	0	0	0	0	0	0	0	0	0	0	0	0	0	0	0	0	0	0	0	0	0	0	0	0	0	0	0	0	0	0	0	0	0	0	
113316	Cingulum_Post_L	5616	748	186	112	0	0	146	0	0	0	246	0	0	0	0	0	0	0	1010	1012	0	0	0	0	0	0	0	0	344	188	0	0	2914	1188	0	5338	4892	2032	430	0	0	0	2756	0	2686	0	1618	0	1310	0	450	0	134	0	0	0	1016	0	300	0	0	0	0	0	0	0	8246	402	6370	598	0	0	0	0	0	0	3086	624	520	0	0	0	0	0	140	0	0	0	0	0	0	0	0	0	0	0	0	0	0	0	0	0	0	0	0	0	0	0	0	0	0	0	0	0	0	0	
156740	Cingulum_Post_R	566	3498	234	190	0	0	136	0	0	0	0	0	0	0	0	0	0	0	856	7670	0	0	0	0	0	0	0	0	0	194	0	0	758	9510	5338	0	900	6300	0	460	0	0	0	1554	0	1620	0	5246	0	0	0	0	0	0	0	1212	0	3764	0	172	0	0	0	0	0	0	108	11724	210	8206	418	0	0	0	0	0	3828	1408	0	0	0	0	0	0	0	0	0	0	0	628	0	0	0	0	0	0	0	214	0	0	0	0	0	0	0	0	0	0	0	0	1448	0	0	0	0	0	
179160	Hippocampus_L	7174	0	1128	0	0	0	520	0	0	0	1620	0	0	0	168	0	566	0	180	0	398	0	0	0	0	0	0	0	11308	0	0	0	0	0	4892	900	0	764	7028	0	6084	0	2004	0	0	0	1398	260	0	0	0	0	0	0	10164	0	2720	0	0	0	0	0	0	0	0	0	4706	0	0	0	240	0	7746	0	330	0	2244	0	2190	0	2008	0	1378	0	0	0	0	0	9200	0	0	0	0	0	0	0	0	0	0	0	0	0	0	0	0	0	0	0	0	262	0	0	0	0	0	0	
261200	Hippocampus_R	216	6728	5426	1684	0	0	0	726	0	0	0	1126	0	0	0	0	0	1706	4352	0	0	0	0	0	0	0	0	0	0	5018	0	0	0	0	2032	6300	764	0	0	16896	0	4878	0	1790	0	512	0	4604	0	632	0	318	0	1294	0	22258	0	1302	0	114	0	262	0	1154	0	140	0	5552	0	174	1762	752	276	10294	0	0	1950	4140	0	1376	0	1540	0	728	0	874	0	0	0	7268	0	0	0	0	0	0	0	236	0	0	0	0	0	0	0	0	0	0	0	0	1446	0	0	0	0	0	
39392	ParaHippocampal_L	396	0	0	0	0	0	0	0	0	0	0	0	0	0	0	0	0	0	0	0	246	0	0	0	0	0	0	0	530	0	0	0	0	0	430	0	7028	0	0	0	1450	0	326	0	0	0	1560	292	0	0	0	0	366	0	2636	0	254	0	0	0	0	0	0	0	0	0	578	0	0	0	0	0	1178	0	0	0	0	0	0	0	392	0	144	0	398	0	0	0	538	0	0	0	0	0	306	0	332	0	0	0	0	0	0	0	0	0	0	0	0	316	0	0	0	0	0	0	
120384	ParaHippocampal_R	0	712	0	0	0	0	0	0	0	0	0	186	0	0	0	0	0	0	0	0	0	0	0	0	0	0	0	0	0	364	0	0	0	0	0	460	0	16896	0	0	0	2238	0	2818	0	312	0	3694	0	574	0	370	0	1536	0	17630	0	220	0	0	0	0	0	244	0	210	0	1866	0	0	0	0	0	2572	0	0	0	238	0	480	0	614	0	868	0	296	0	0	0	4214	0	0	0	0	0	0	0	330	0	0	0	0	0	0	0	0	0	0	0	0	250	0	0	0	0	0	
38628	Amygdala_L	0	0	228	0	316	0	0	0	0	0	0	0	0	0	224	0	0	0	0	0	1122	0	0	0	0	0	0	0	2390	0	0	0	0	0	0	0	6084	0	1450	0	0	0	0	0	0	0	0	0	0	0	0	0	0	0	3412	0	0	0	0	0	0	0	0	0	0	0	0	0	0	0	344	0	418	0	0	0	0	0	0	0	0	0	538	0	0	0	0	0	2788	0	0	0	0	0	0	0	0	0	0	0	0	0	0	0	0	0	0	0	0	0	0	0	0	0	0	0	
33404	Amygdala_R	0	120	0	0	0	0	0	0	0	0	0	0	0	0	0	0	0	0	0	0	0	186	0	0	0	0	0	0	0	524	0	0	0	0	0	0	0	4878	0	2238	0	0	0	0	0	0	0	0	0	0	0	0	0	0	0	5158	0	0	0	0	0	0	0	0	0	0	0	0	0	0	0	120	0	322	0	0	0	150	0	0	0	0	0	1882	0	0	0	0	0	1124	0	0	0	0	0	0	0	0	0	0	0	0	0	0	0	0	0	0	0	0	0	0	0	0	0	0	
224896	Calcarine_L	506	0	0	0	0	0	0	0	0	0	0	0	0	0	0	0	298	0	0	0	0	0	0	0	0	0	0	0	452	0	0	0	1000	0	2756	0	2004	0	326	0	0	0	0	6542	12938	3256	12764	3110	9510	1176	27442	0	5598	144	1202	0	196	0	268	0	0	0	0	0	0	0	13336	928	950	0	0	0	0	0	0	0	0	0	374	0	222	0	0	0	4160	0	0	0	990	0	0	0	0	0	0	0	0	0	0	0	0	0	0	0	0	0	0	0	0	0	0	0	0	0	0	0	
394616	Calcarine_R	0	2450	0	0	0	0	0	0	0	0	0	0	0	0	0	0	0	138	0	1086	0	0	0	0	0	0	0	0	0	0	0	0	0	1688	0	1554	0	1790	0	2818	0	0	6542	0	6106	35792	1128	22048	188	36834	0	12420	0	6932	0	9904	0	2938	0	574	0	510	0	1298	0	712	6448	24184	0	4808	0	0	0	132	0	0	0	0	0	166	0	298	0	0	0	2328	0	0	0	2632	0	0	0	0	0	0	0	0	0	0	0	0	0	0	0	0	0	0	0	0	310	552	0	0	0	0	
189484	Cuneus_L	184	0	0	0	0	0	0	0	0	0	0	0	0	0	0	0	0	0	0	0	0	0	0	0	0	0	0	0	0	0	0	0	2164	0	2686	0	0	0	0	0	0	0	12938	6106	0	7976	1956	518	21086	3850	14820	208	1010	164	452	0	0	0	1410	0	0	0	0	0	0	0	12200	730	2952	0	0	0	0	0	0	0	0	0	130	0	0	0	0	0	820	0	0	0	382	0	0	0	0	0	0	0	0	0	0	0	0	0	0	0	0	0	0	0	0	0	0	0	0	0	0	0	
516828	Cuneus_R	0	4338	0	0	0	0	0	0	0	0	0	0	0	0	0	0	0	162	0	1016	0	0	0	0	0	0	0	0	0	152	0	0	232	2648	0	1620	0	512	0	312	0	0	3256	35792	7976	0	0	8342	202	63888	116	12604	0	2854	0	2476	0	16198	0	10082	0	4606	0	3208	0	720	9348	46718	0	6696	0	0	0	208	0	0	0	0	0	168	0	808	0	0	0	6276	0	0	0	4756	0	0	0	0	0	0	0	0	0	0	0	0	0	0	0	0	0	0	0	0	0	124	0	0	0	0	
189248	Lingual_L	374	0	0	0	0	0	0	0	0	0	0	0	0	0	0	0	292	0	0	0	0	0	0	0	0	0	0	0	380	0	0	0	136	0	1618	0	1398	0	1560	0	0	0	12764	1128	1956	0	0	1892	2626	0	20030	0	11772	0	10298	0	0	0	0	0	0	0	0	0	0	0	4634	0	174	0	0	0	0	0	0	0	0	0	628	0	254	0	0	0	1282	0	0	0	440	0	3408	460	0	0	0	0	4766	0	7288	540	0	0	0	0	0	0	0	0	0	110	1144	932	340	0	0	0	
228396	Lingual_R	0	572	0	0	0	0	0	0	0	0	0	0	0	0	0	0	0	0	0	492	0	0	0	0	0	0	0	0	0	0	0	0	0	1082	0	5246	260	4604	292	3694	0	0	3110	22048	518	8342	1892	0	0	11254	0	1990	0	3646	0	16186	0	1000	0	106	0	0	0	0	0	0	502	11672	0	1370	0	0	0	0	0	0	0	214	0	134	0	180	0	0	0	0	0	0	0	2864	364	866	0	0	0	478	302	1202	696	2228	0	0	0	0	0	0	0	0	0	126	2190	2262	214	0	0	0	
251400	Occipital_Sup_L	138	0	0	0	0	0	0	0	0	0	0	0	0	0	0	0	1200	0	0	0	0	0	0	0	0	0	0	0	0	0	0	0	5714	0	1310	0	0	0	0	0	0	0	9510	188	21086	202	2626	0	0	0	38830	0	750	0	260	0	632	0	23122	0	1204	0	0	0	516	0	14564	142	1706	0	0	0	0	0	0	0	0	0	0	0	196	0	0	0	1502	0	0	0	302	0	0	0	0	0	0	0	0	0	0	0	0	0	0	0	0	0	0	0	0	0	0	0	0	0	0	0	
577188	Occipital_Sup_R	0	3976	0	0	0	0	0	0	0	0	0	0	0	0	0	0	0	142	0	0	0	0	0	0	0	0	0	0	0	212	0	0	0	0	0	0	0	632	0	574	0	0	1176	36834	3850	63888	0	11254	0	0	0	32298	0	5382	0	6346	0	17794	0	14230	0	8272	0	5924	0	7004	5006	39300	0	3932	0	0	0	176	0	0	0	0	0	170	0	1198	0	0	0	10824	0	0	0	8024	0	0	0	0	0	0	0	0	0	0	0	0	0	0	0	0	0	0	0	0	0	176	0	0	0	0	
468932	Occipital_Mid_L	742	110	0	0	0	0	0	0	0	0	0	0	0	0	0	0	3722	0	0	0	0	0	0	0	0	0	0	0	1168	0	0	0	5136	0	450	0	0	0	0	0	0	0	27442	0	14820	116	20030	0	38830	0	0	0	19422	0	3974	0	796	0	28302	0	8226	0	1294	0	11288	0	12176	0	2600	0	0	0	0	0	0	0	0	0	1798	0	2244	0	0	0	24602	0	0	0	5178	0	0	0	0	0	0	0	0	0	0	0	0	0	0	0	0	0	0	0	0	0	0	0	0	0	0	0	
247240	Occipital_Mid_R	0	966	0	0	0	0	0	0	0	0	0	0	0	0	0	0	0	0	0	0	0	0	0	0	0	0	0	0	0	0	0	0	0	0	0	0	0	318	0	370	0	0	0	12420	208	12604	0	1990	0	32298	0	0	0	3926	0	3054	0	2322	0	3948	0	5316	0	1862	0	14052	1810	10148	0	1082	0	0	0	0	0	0	0	0	0	292	0	1184	0	0	0	12072	0	0	0	1378	0	0	0	0	0	0	0	0	0	0	0	0	0	0	0	0	0	0	0	0	0	0	0	0	0	0	
111756	Occipital_Inf_L	442	0	0	0	0	0	0	0	0	0	0	0	0	0	0	0	508	0	0	0	0	0	0	0	0	0	0	0	462	0	0	0	0	0	134	0	0	0	366	0	0	0	5598	0	1010	0	11772	0	750	0	19422	0	0	0	4942	0	0	0	236	0	0	0	0	0	0	0	2812	0	202	0	0	0	0	0	0	0	0	0	812	0	300	0	0	0	3618	0	0	0	2012	0	226	0	0	0	0	0	0	0	254	0	0	0	0	0	0	0	0	0	0	0	0	0	0	0	0	0	
74964	Occipital_Inf_R	0	0	0	0	0	0	0	0	0	0	0	0	0	0	0	0	0	0	0	0	0	0	0	0	0	0	0	0	0	0	0	0	0	0	0	0	0	1294	0	1536	0	0	144	6932	164	2854	0	3646	0	5382	0	3926	0	0	0	6558	0	0	0	0	0	0	0	0	0	0	808	300	0	0	0	0	0	0	0	0	0	0	0	0	0	178	0	0	0	1004	0	0	0	2564	0	0	0	0	0	0	0	0	0	0	0	0	0	0	0	0	0	0	0	0	0	192	0	0	0	0	
206308	Fusiform_L	320	0	530	0	0	0	0	0	0	0	0	0	0	0	0	0	244	0	0	0	200	0	0	0	0	0	0	0	5674	0	0	0	0	0	0	0	10164	0	2636	0	3412	0	1202	0	452	0	10298	0	260	0	3974	0	4942	0	0	0	270	0	0	0	0	0	0	0	0	0	452	0	0	0	0	0	1632	0	0	0	0	0	212	0	2508	0	1054	0	846	0	244	0	12584	0	12386	0	106	0	0	0	9102	0	16910	0	0	0	0	0	0	0	0	0	0	0	194	346	0	0	0	0	
276756	Fusiform_R	0	2086	0	0	0	0	0	0	0	0	0	180	0	0	0	0	0	0	0	0	0	0	0	0	0	0	0	0	0	556	0	0	0	0	0	1212	0	22258	0	17630	0	5158	0	9904	0	2476	0	16186	0	6346	0	3054	0	6558	0	0	0	304	0	0	0	106	0	324	0	256	210	3350	0	296	0	0	0	2802	0	0	0	116	0	822	0	1396	0	2178	0	2262	0	226	0	13746	0	5532	0	0	0	0	0	2530	0	6436	0	0	0	0	0	0	0	0	0	0	1052	830	0	0	0	0	
188324	Postcentral_L	21998	276	1548	264	0	0	0	0	0	0	3532	0	1142	0	0	0	7132	0	108	0	0	0	0	0	0	0	0	0	3602	0	0	0	1976	0	1016	0	2720	0	254	0	0	0	196	0	0	0	0	0	632	0	796	0	0	0	270	0	0	0	6572	0	16566	0	3664	0	110	0	6266	0	3624	0	434	0	2392	0	292	0	1408	0	1912	0	2876	0	240	0	0	0	0	0	344	0	0	0	0	0	0	0	0	0	0	0	0	0	0	0	0	0	0	0	0	0	0	0	0	0	0	0	
312140	Postcentral_R	0	15134	0	0	0	0	0	152	0	0	0	310	0	0	0	0	0	3522	0	3276	0	0	0	0	0	0	0	0	0	1686	0	0	0	3138	0	3764	0	1302	0	220	0	0	0	2938	0	16198	0	1000	0	17794	0	2322	0	0	0	304	0	0	0	10142	0	4912	0	9734	0	498	260	33352	0	12616	0	1186	0	1560	0	318	0	0	0	0	0	796	0	0	0	3978	0	0	0	3658	0	0	0	0	0	0	0	0	0	0	0	0	0	0	0	0	0	0	0	0	0	0	0	0	0	0	
217756	Parietal_Sup_L	0	106	0	0	0	0	0	0	0	0	0	0	0	0	0	0	2268	0	0	0	0	0	0	0	0	0	0	0	0	0	0	0	5934	0	300	0	0	0	0	0	0	0	268	0	1410	0	0	0	23122	0	28302	0	236	0	0	0	6572	0	0	0	11748	0	642	0	2250	0	17948	0	2054	0	0	0	0	0	0	0	0	0	0	0	894	0	0	0	3420	0	0	0	1404	0	0	0	0	0	0	0	0	0	0	0	0	0	0	0	0	0	0	0	0	0	0	0	0	0	0	0	
164000	Parietal_Sup_R	0	2384	0	0	0	0	0	0	0	0	0	0	0	0	0	0	0	0	0	0	0	0	0	0	0	0	0	0	0	188	0	0	0	250	0	172	0	114	0	0	0	0	0	574	0	10082	0	106	0	14230	0	3948	0	0	0	0	0	10142	0	0	0	8804	0	3660	0	3648	314	19100	0	2962	0	0	0	232	0	0	0	0	0	0	0	0	0	0	0	736	0	0	0	354	0	0	0	0	0	0	0	0	0	0	0	0	0	0	0	0	0	0	0	0	0	0	0	0	0	0	
172808	Parietal_Inf_L	1144	0	0	0	0	0	0	0	0	0	0	0	0	0	0	0	728	0	0	0	0	0	0	0	0	0	0	0	160	0	0	0	1300	0	0	0	0	0	0	0	0	0	0	0	0	0	0	0	1204	0	8226	0	0	0	0	0	16566	0	11748	0	0	0	10270	0	14054	0	3848	0	1614	0	0	0	0	0	0	0	0	0	0	0	2694	0	0	0	8892	0	0	0	3956	0	0	0	0	0	0	0	0	0	0	0	0	0	0	0	0	0	0	0	0	0	0	0	0	0	0	0	
132552	Parietal_Inf_R	0	944	0	0	0	0	0	0	0	0	0	0	0	0	0	0	0	166	0	0	0	0	0	0	0	0	0	0	0	498	0	0	0	0	0	0	0	262	0	0	0	0	0	510	0	4606	0	0	0	8272	0	5316	0	0	0	106	0	4912	0	8804	0	0	0	14340	0	9570	0	5218	0	618	0	0	0	772	0	0	0	0	0	0	0	188	0	0	0	726	0	0	0	448	0	0	0	0	0	0	0	0	0	0	0	0	0	0	0	0	0	0	0	0	0	0	0	0	0	0	
87648	SupraMarginal_L	874	0	292	0	0	0	0	0	0	0	0	0	134	0	0	0	2706	0	0	0	0	0	0	0	0	0	0	0	846	0	0	0	0	0	0	0	0	0	0	0	0	0	0	0	0	0	0	0	0	0	1294	0	0	0	0	0	3664	0	642	0	10270	0	0	0	5826	0	0	0	0	0	0	0	0	0	0	0	0	0	0	0	7444	0	0	0	6350	0	0	0	3482	0	0	0	0	0	0	0	0	0	0	0	0	0	0	0	0	0	0	0	0	0	0	0	0	0	0	0	
123892	SupraMarginal_R	0	790	0	0	0	0	0	0	0	0	0	0	0	0	0	0	0	2344	0	0	0	0	0	0	0	0	0	0	0	1086	0	0	0	0	0	0	0	1154	0	244	0	0	0	1298	0	3208	0	0	0	5924	0	1862	0	0	0	324	0	9734	0	3660	0	14340	0	0	0	4010	0	4354	0	306	0	0	0	968	0	0	0	0	0	0	0	3104	0	0	0	1894	0	0	0	1342	0	0	0	0	0	0	0	0	0	0	0	0	0	0	0	0	0	0	0	0	0	0	0	0	0	0	
111424	Angular_L	0	0	0	0	0	0	0	0	0	0	0	0	0	0	0	0	120	0	0	0	0	0	0	0	0	0	0	0	236	0	0	0	376	0	0	0	0	0	0	0	0	0	0	0	0	0	0	0	516	0	11288	0	0	0	0	0	110	0	2250	0	14054	0	5826	0	0	0	240	0	0	0	0	0	0	0	0	0	0	0	0	0	2156	0	0	0	13950	0	0	0	4590	0	0	0	0	0	0	0	0	0	0	0	0	0	0	0	0	0	0	0	0	0	0	0	0	0	0	0	
104336	Angular_R	0	0	0	0	0	0	0	0	0	0	0	0	0	0	0	0	0	0	0	0	0	0	0	0	0	0	0	0	0	0	0	0	0	0	0	0	0	140	0	210	0	0	0	712	0	720	0	0	0	7004	0	14052	0	0	0	256	0	498	0	3648	0	9570	0	4010	0	0	0	838	0	0	0	0	0	0	0	0	0	0	0	0	0	4364	0	0	0	5918	0	0	0	228	0	0	0	0	0	0	0	0	0	0	0	0	0	0	0	0	0	0	0	0	0	0	0	0	0	0	
318216	Precuneus_L	1926	200	0	0	0	0	0	0	0	0	274	0	0	0	0	0	708	0	0	0	0	0	0	0	0	0	0	0	678	0	0	0	8058	412	8246	108	4706	0	578	0	0	0	13336	6448	12200	9348	4634	502	14564	5006	12176	1810	2812	808	452	210	6266	260	17948	314	3848	0	0	0	240	0	0	8082	5830	314	0	0	0	0	0	0	302	0	730	0	316	0	0	0	3086	160	0	0	1034	178	0	0	0	0	0	0	0	0	0	0	0	0	0	0	0	0	0	0	0	0	0	0	0	0	0	0	
587428	Precuneus_R	184	9636	0	0	0	0	0	0	0	0	0	106	0	0	0	0	0	272	0	4510	0	0	0	0	0	0	0	0	0	330	0	0	674	11714	402	11724	0	5552	0	1866	0	0	928	24184	730	46718	0	11672	142	39300	0	10148	0	300	0	3350	0	33352	0	19100	0	5218	0	4354	0	838	8082	0	192	19702	0	0	0	402	0	0	122	0	0	0	0	888	0	0	0	6696	0	0	0	8258	0	0	0	0	0	0	0	338	0	0	0	0	0	0	0	0	0	0	0	0	1730	0	0	0	0	0	
138664	Paracentral_Lobule_L	9758	5518	1380	418	0	0	1078	0	0	0	0	0	0	0	0	0	0	0	5554	3170	0	0	0	0	0	0	0	0	0	0	0	0	7652	1628	6370	210	0	0	0	0	0	0	950	0	2952	0	174	0	1706	0	2600	0	202	0	0	0	3624	0	2054	0	1614	0	0	0	0	0	5830	192	0	2332	218	0	0	0	1332	0	186	0	0	0	0	0	0	0	502	0	0	0	128	0	0	0	0	0	0	0	0	0	0	0	0	0	0	0	0	0	0	0	0	0	0	0	0	0	0	0	
229612	Paracentral_Lobule_R	1554	17900	0	126	0	0	0	0	0	0	0	0	0	0	0	0	0	0	232	14870	0	0	0	0	0	0	0	0	0	0	0	0	404	13198	598	8206	0	174	0	0	0	0	0	4808	0	6696	0	1370	0	3932	0	1082	0	0	0	296	0	12616	0	2962	0	618	0	306	0	0	314	19702	2332	0	0	0	0	0	0	0	0	0	0	0	0	0	0	0	0	132	0	0	0	378	0	0	0	0	0	0	0	0	0	0	0	0	0	0	0	0	0	0	0	0	0	0	0	0	0	0	
250416	Caudate_L	2816	1346	15462	2120	0	0	426	1306	0	0	5602	1742	2222	2260	0	578	790	322	14346	366	4556	6300	218	0	358	254	2320	254	5706	4238	6322	2472	106	280	0	418	240	1762	0	0	344	0	0	0	0	0	0	0	0	0	0	0	0	0	0	0	434	0	0	0	0	0	0	0	0	0	0	0	218	0	0	12560	13292	582	1234	0	7144	372	0	0	436	0	1084	0	0	0	0	0	0	0	0	0	0	0	0	0	0	0	0	0	0	0	0	0	0	0	0	0	0	0	0	0	0	0	0	0	
410520	Caudate_R	0	20664	3054	33098	0	2054	0	2170	0	0	2120	7796	750	4810	0	2736	162	3800	2956	5740	2092	4612	160	5308	120	2572	910	1932	1780	13774	3234	15634	0	752	0	0	0	752	0	0	0	120	0	0	0	0	0	0	0	0	0	0	0	0	0	0	0	1186	0	0	0	0	0	0	0	0	0	0	0	0	12560	0	4306	19464	0	2712	810	18342	0	0	0	0	218	0	0	0	0	0	0	0	0	0	0	0	0	0	0	0	0	0	0	0	0	0	0	0	0	0	0	0	0	0	0	0	0	0	
287336	Putamen_L	5488	772	23734	846	4338	0	1576	0	786	0	2182	0	506	0	1072	0	1744	0	11166	182	2490	3844	2938	0	210	0	1704	0	19454	0	11966	1282	0	114	0	0	7746	276	1178	0	418	0	0	0	0	0	0	0	0	0	0	0	0	0	1632	0	2392	0	0	0	0	0	0	0	0	0	0	0	0	0	13292	4306	0	218	7648	0	1326	0	0	0	2514	0	918	0	0	0	0	0	1410	0	0	0	0	0	0	0	0	0	0	0	0	0	0	0	0	0	0	0	0	0	0	0	0	0	0	0	
281292	Putamen_R	0	7256	886	12958	0	3428	0	4732	0	0	0	5206	0	4500	0	3318	0	5178	850	862	0	314	0	6120	0	2296	0	1610	0	23978	426	11954	0	560	0	0	0	10294	0	2572	0	322	0	132	0	208	0	0	0	176	0	0	0	0	0	2802	0	1560	0	232	0	772	0	968	0	0	0	402	0	0	582	19464	218	0	0	2602	0	488	0	0	0	150	0	0	0	0	0	0	0	270	0	0	0	0	0	0	0	0	0	0	0	0	0	0	0	0	0	0	0	0	0	0	0	0	0	0	
68128	Pallidum_L	3208	0	7776	0	0	0	1272	0	0	0	1078	0	0	0	0	0	1004	0	3906	0	0	0	0	0	0	0	0	0	2184	0	0	0	0	0	0	0	330	0	0	0	0	0	0	0	0	0	0	0	0	0	0	0	0	0	0	0	292	0	0	0	0	0	0	0	0	0	0	0	1332	0	1234	0	7648	0	0	0	1588	0	0	0	784	0	428	0	0	0	0	0	0	0	0	0	0	0	0	0	0	0	0	0	0	0	0	0	0	0	0	0	0	0	0	0	0	0	0	0	
20628	Pallidum_R	0	450	454	776	0	0	0	0	0	0	0	172	0	0	0	0	0	1456	388	272	0	0	0	0	0	0	0	0	0	714	0	0	0	0	0	0	0	0	0	0	0	0	0	0	0	0	0	0	0	0	0	0	0	0	0	0	0	318	0	0	0	0	0	0	0	0	0	0	0	0	0	2712	0	2602	0	0	0	0	0	0	0	0	0	0	0	0	0	0	0	0	0	0	0	0	0	0	0	0	0	0	0	0	0	0	0	0	0	0	0	0	0	0	0	0	0	0	
96552	Thalamus_L	12476	586	3114	458	0	0	474	0	0	0	0	0	0	0	0	0	0	0	2668	0	0	0	0	0	0	0	0	0	0	164	0	0	0	0	3086	3828	2244	1950	0	0	0	0	0	0	0	0	0	0	0	0	0	0	0	0	0	0	1408	0	0	0	0	0	0	0	0	0	302	122	186	0	7144	810	1326	0	1588	0	0	4342	0	0	0	0	0	0	0	0	0	0	0	0	0	0	0	0	0	0	0	0	0	0	0	0	0	0	0	0	0	0	0	0	0	0	0	0	0	0	
149868	Thalamus_R	0	23692	1222	17892	0	0	0	166	0	0	0	0	0	120	0	0	0	0	1182	0	0	0	0	0	0	0	0	0	0	226	0	0	0	0	624	1408	0	4140	0	238	0	150	0	0	0	0	0	214	0	0	0	0	0	0	0	116	0	0	0	0	0	0	0	0	0	0	0	0	0	0	372	18342	0	488	0	0	4342	0	0	0	0	0	0	0	0	0	0	0	0	0	0	0	0	0	0	0	0	0	0	0	0	0	0	0	0	0	0	0	0	0	0	0	0	0	0	0	
59840	Heschl_L	3576	0	0	0	0	0	268	0	0	0	1588	0	0	0	0	0	2560	0	0	0	0	0	0	0	0	0	0	0	5178	0	0	0	0	0	520	0	2190	0	0	0	0	0	374	0	130	0	628	0	0	0	1798	0	812	0	212	0	1912	0	0	0	0	0	0	0	0	0	730	0	0	0	0	0	0	0	0	0	0	0	0	0	2890	0	0	0	3116	0	0	0	1438	0	0	0	0	0	0	0	0	0	0	0	0	0	0	0	0	0	0	0	0	0	0	0	0	0	0	0	
18624	Heschl_R	0	0	0	0	0	0	0	0	0	0	0	0	0	0	0	0	0	320	0	0	0	0	0	0	0	0	0	0	0	836	0	0	0	0	0	0	0	1376	0	480	0	0	0	166	0	168	0	134	0	170	0	292	0	0	0	822	0	0	0	0	0	0	0	0	0	0	0	0	0	0	0	0	0	0	0	0	0	0	0	0	0	3634	0	0	0	526	0	0	0	388	0	0	0	0	0	0	0	0	0	0	0	0	0	0	0	0	0	0	0	0	0	0	0	0	0	0	
233816	Temporal_Sup_L	2046	0	4948	0	0	0	358	0	0	0	4406	0	0	0	0	0	12472	0	1380	0	0	0	0	0	0	0	0	0	15324	126	0	0	134	0	0	0	2008	0	392	0	0	0	222	0	0	0	254	0	196	0	2244	0	300	0	2508	0	2876	0	894	0	2694	0	7444	0	2156	0	316	0	0	0	436	0	2514	0	784	0	0	0	2890	0	0	0	5424	0	24162	0	0	0	15000	0	0	0	0	0	0	0	0	0	0	0	0	0	0	0	0	0	0	0	0	0	0	0	0	0	0	0	
75784	Temporal_Sup_R	0	194	0	0	0	0	0	0	0	0	0	0	0	0	0	0	0	1944	0	0	0	0	0	0	0	0	0	0	0	1344	0	0	0	0	0	0	0	1540	0	614	0	0	0	298	0	808	0	180	0	1198	0	1184	0	178	0	1396	0	796	0	0	0	188	0	3104	0	4364	0	888	0	0	0	0	0	150	0	0	0	0	0	3634	0	0	0	1448	0	10170	0	0	0	2272	0	0	0	0	0	0	0	0	0	0	0	0	0	0	0	0	0	0	0	0	0	0	0	0	0	0	
98384	Temporal_Pole_Sup_L	486	0	3836	0	1188	0	198	0	390	0	4504	108	628	114	3546	0	3290	0	870	0	684	0	368	0	0	0	0	0	9288	394	366	0	0	0	0	0	1378	0	144	0	538	0	0	0	0	0	0	0	0	0	0	0	0	0	1054	0	240	0	0	0	0	0	0	0	0	0	0	0	0	0	1084	218	918	0	428	0	0	0	0	0	5424	0	0	0	3068	0	1900	0	2540	0	0	0	0	0	0	0	0	0	0	0	0	0	0	0	0	0	0	0	0	0	0	0	0	0	0	0	
30568	Temporal_Pole_Sup_R	0	0	0	0	0	0	0	0	0	0	0	0	0	0	0	114	0	342	0	0	0	0	0	0	0	0	0	0	0	418	0	0	0	0	0	0	0	728	0	868	0	1882	0	0	0	0	0	0	0	0	0	0	0	0	0	2178	0	0	0	0	0	0	0	0	0	0	0	0	0	0	0	0	0	0	0	0	0	0	0	0	0	1448	0	0	0	2024	0	2486	0	2796	0	0	0	0	0	0	0	0	0	0	0	0	0	0	0	0	0	0	0	0	0	0	0	0	0	0	
294508	Temporal_Mid_L	1454	0	0	0	0	0	0	0	0	0	286	0	0	0	0	0	3328	0	0	0	0	0	0	0	0	0	0	0	2712	0	0	0	534	0	140	0	0	0	398	0	0	0	4160	0	820	0	1282	0	1502	0	24602	0	3618	0	846	0	0	0	3420	0	8892	0	6350	0	13950	0	3086	0	502	0	0	0	0	0	0	0	0	0	3116	0	24162	0	3068	0	0	0	1646	0	33380	0	0	0	0	0	0	0	0	0	0	0	0	0	0	0	0	0	0	0	0	0	0	0	0	0	0	0	
183440	Temporal_Mid_R	0	154	0	0	0	0	0	0	0	0	0	0	0	0	0	0	0	0	0	0	0	0	0	0	0	0	0	0	0	0	0	0	0	0	0	0	0	874	0	296	0	0	0	2328	0	6276	0	0	0	10824	0	12072	0	1004	0	2262	0	3978	0	736	0	726	0	1894	0	5918	160	6696	0	132	0	0	0	0	0	0	0	0	0	526	0	10170	0	2024	0	0	0	1252	0	21418	0	0	0	0	0	0	0	0	0	0	0	0	0	0	0	0	0	0	0	0	0	0	0	0	0	0	
10188	Temporal_Pole_Mid_L	0	0	0	0	0	0	0	0	0	0	0	0	0	0	0	0	0	0	0	0	0	0	0	0	0	0	0	0	0	0	0	0	0	0	0	0	0	0	0	0	0	0	0	0	0	0	0	0	0	0	0	0	0	0	244	0	0	0	0	0	0	0	0	0	0	0	0	0	0	0	0	0	0	0	0	0	0	0	0	0	0	0	1900	0	1646	0	0	0	1304	0	0	0	0	0	0	0	0	0	0	0	0	0	0	0	0	0	0	0	0	0	0	0	0	0	0	0	
10944	Temporal_Pole_Mid_R	0	0	0	0	0	0	0	0	0	0	0	0	0	0	0	0	0	0	0	0	0	0	0	0	0	0	0	0	0	0	0	0	0	0	0	0	0	0	0	0	0	0	0	0	0	0	0	0	0	0	0	0	0	0	0	226	0	0	0	0	0	0	0	0	0	0	0	0	0	0	0	0	0	0	0	0	0	0	0	0	0	0	0	2486	0	1252	0	0	0	1508	0	0	0	0	0	0	0	0	0	0	0	0	0	0	0	0	0	0	0	0	0	0	0	0	0	0	
230524	Temporal_Inf_L	1002	0	494	0	0	0	0	0	0	0	208	0	0	0	0	0	1828	0	0	0	0	0	0	0	0	0	0	0	6806	0	0	0	196	0	0	0	9200	0	538	0	2788	0	990	0	382	0	440	0	302	0	5178	0	2012	0	12584	0	344	0	1404	0	3956	0	3482	0	4590	0	1034	0	128	0	0	0	1410	0	0	0	0	0	1438	0	15000	0	2540	0	33380	0	1304	0	0	0	304	0	0	0	0	0	0	0	0	0	0	0	0	0	0	0	0	0	0	0	0	0	0	0	0	0	
190260	Temporal_Inf_R	0	1498	0	0	0	0	0	0	0	0	0	0	0	0	0	0	0	0	0	0	0	0	0	0	0	0	0	0	0	142	0	0	0	0	0	628	0	7268	0	4214	0	1124	0	2632	0	4756	0	2864	0	8024	0	1378	0	2564	0	13746	0	3658	0	354	0	448	0	1342	0	228	178	8258	0	378	0	0	0	270	0	0	0	0	0	388	0	2272	0	2796	0	21418	0	1508	0	0	0	582	0	0	0	0	0	0	0	0	0	0	0	0	0	0	0	0	0	0	214	0	0	0	0	0	
279108	Cerebelum_Crus1_L	0	0	0	0	0	0	0	0	0	0	0	0	0	0	0	0	0	0	0	0	0	0	0	0	0	0	0	0	0	0	0	0	0	0	0	0	0	0	0	0	0	0	0	0	0	0	3408	364	0	0	0	0	226	0	12386	0	0	0	0	0	0	0	0	0	0	0	0	0	0	0	0	0	0	0	0	0	0	0	0	0	0	0	0	0	0	0	0	0	304	0	0	3318	20112	2842	0	0	17668	0	45600	3260	6044	118	9318	2134	1336	280	420	0	0	0	152	3324	6160	506	274	0	
307876	Cerebelum_Crus1_R	0	0	0	0	0	0	0	0	0	0	0	0	0	0	0	0	0	0	0	0	0	0	0	0	0	0	0	0	0	0	0	0	0	0	0	0	0	0	0	0	0	0	0	0	0	0	460	866	0	0	0	0	0	0	0	5532	0	0	0	0	0	0	0	0	0	0	0	0	0	0	0	0	0	0	0	0	0	0	0	0	0	0	0	0	0	0	0	0	0	582	3318	0	450	22038	0	3490	134	22082	4090	53330	0	1618	0	10456	0	2114	0	626	0	1230	4036	8222	7652	902	710	0	
146700	Cerebelum_Crus2_L	0	0	0	0	0	0	0	0	0	0	0	0	0	0	0	0	0	0	0	0	0	0	0	0	0	0	0	0	0	0	0	0	0	0	0	0	0	0	0	0	0	0	0	0	0	0	0	0	0	0	0	0	0	0	106	0	0	0	0	0	0	0	0	0	0	0	0	0	0	0	0	0	0	0	0	0	0	0	0	0	0	0	0	0	0	0	0	0	0	0	20112	450	0	1772	0	0	416	0	2810	454	21678	488	18588	1346	1386	0	148	0	0	0	0	664	2150	782	0	0	
155732	Cerebelum_Crus2_R	0	0	0	0	0	0	0	0	0	0	0	0	0	0	0	0	0	0	0	0	0	0	0	0	0	0	0	0	0	0	0	0	0	0	0	0	0	0	0	0	0	0	0	0	0	0	0	0	0	0	0	0	0	0	0	0	0	0	0	0	0	0	0	0	0	0	0	0	0	0	0	0	0	0	0	0	0	0	0	0	0	0	0	0	0	0	0	0	0	0	2842	22038	1772	0	0	0	0	326	1460	4872	1174	11686	1124	20270	0	2040	0	364	0	0	158	1134	5046	1116	444	0	
10888	Cerebelum_3_L	0	0	0	0	0	0	0	0	0	0	0	0	0	0	0	0	0	0	0	0	0	0	0	0	0	0	0	0	0	0	0	0	0	0	0	0	0	0	306	0	0	0	0	0	0	0	0	0	0	0	0	0	0	0	0	0	0	0	0	0	0	0	0	0	0	0	0	0	0	0	0	0	0	0	0	0	0	0	0	0	0	0	0	0	0	0	0	0	0	0	0	0	0	0	0	0	4056	0	0	0	0	0	0	0	486	0	0	0	164	432	0	0	0	0	0	0	
36808	Cerebelum_3_R	0	0	0	0	0	0	0	0	0	0	0	0	0	0	0	0	0	0	0	0	0	0	0	0	0	0	0	0	0	0	0	0	0	0	0	0	0	0	0	0	0	0	0	0	0	0	0	478	0	0	0	0	0	0	0	0	0	0	0	0	0	0	0	0	0	0	0	0	0	0	0	0	0	0	0	0	0	0	0	0	0	0	0	0	0	0	0	0	0	0	0	3490	0	0	0	0	0	4780	0	4894	0	0	0	0	0	466	0	0	620	2668	1008	0	0	0	0	0	
151348	Cerebelum_4_5_L	0	0	0	0	0	0	0	0	0	0	0	0	0	0	0	0	0	0	0	0	0	0	0	0	0	0	0	0	0	0	0	0	0	0	0	0	0	0	332	0	0	0	0	0	0	0	4766	302	0	0	0	0	0	0	9102	0	0	0	0	0	0	0	0	0	0	0	0	0	0	0	0	0	0	0	0	0	0	0	0	0	0	0	0	0	0	0	0	0	0	0	17668	134	416	0	4056	0	0	452	28416	564	128	0	262	0	2138	528	0	0	0	174	3992	992	0	0	524	728	
138364	Cerebelum_4_5_R	0	0	0	0	0	0	0	0	0	0	0	0	0	0	0	0	0	0	0	0	0	0	0	0	0	0	0	0	0	0	0	0	0	0	0	214	0	236	0	330	0	0	0	0	0	0	0	1202	0	0	0	0	0	0	0	2530	0	0	0	0	0	0	0	0	0	0	0	338	0	0	0	0	0	0	0	0	0	0	0	0	0	0	0	0	0	0	0	0	0	0	0	22082	0	326	0	4780	452	0	250	26988	0	0	0	196	182	0	0	0	0	1528	7172	376	0	0	0	0	
270040	Cerebelum_6_L	0	0	0	0	0	0	0	0	0	0	0	0	0	0	0	0	0	0	0	0	0	0	0	0	0	0	0	0	0	0	0	0	0	0	0	0	0	0	0	0	0	0	0	0	0	0	7288	696	0	0	0	0	254	0	16910	0	0	0	0	0	0	0	0	0	0	0	0	0	0	0	0	0	0	0	0	0	0	0	0	0	0	0	0	0	0	0	0	0	0	0	45600	4090	2810	1460	0	0	28416	250	0	4582	2264	0	1836	640	1760	740	484	0	0	0	2470	5898	4912	610	738	312	
279700	Cerebelum_6_R	0	0	0	0	0	0	0	0	0	0	0	0	0	0	0	0	0	0	0	0	0	0	0	0	0	0	0	0	0	0	0	0	0	0	0	0	0	0	0	0	0	0	0	0	0	0	540	2228	0	0	0	0	0	0	0	6436	0	0	0	0	0	0	0	0	0	0	0	0	0	0	0	0	0	0	0	0	0	0	0	0	0	0	0	0	0	0	0	0	0	0	3260	53330	454	4872	0	4894	564	26988	4582	0	0	0	0	2206	172	1276	0	584	128	1906	7300	9552	7036	852	690	0	
105584	Cerebelum_7b_L	0	0	0	0	0	0	0	0	0	0	0	0	0	0	0	0	0	0	0	0	0	0	0	0	0	0	0	0	0	0	0	0	0	0	0	0	0	0	0	0	0	0	0	0	0	0	0	0	0	0	0	0	0	0	0	0	0	0	0	0	0	0	0	0	0	0	0	0	0	0	0	0	0	0	0	0	0	0	0	0	0	0	0	0	0	0	0	0	0	0	6044	0	21678	1174	0	0	128	0	2264	0	0	548	16554	892	1220	0	234	0	0	0	0	0	1148	908	0	0	
48984	Cerebelum_7b_R	0	0	0	0	0	0	0	0	0	0	0	0	0	0	0	0	0	0	0	0	0	0	0	0	0	0	0	0	0	0	0	0	0	0	0	0	0	0	0	0	0	0	0	0	0	0	0	0	0	0	0	0	0	0	0	0	0	0	0	0	0	0	0	0	0	0	0	0	0	0	0	0	0	0	0	0	0	0	0	0	0	0	0	0	0	0	0	0	0	0	118	1618	488	11686	0	0	0	0	0	0	548	0	370	8502	0	404	0	0	0	0	0	0	348	410	0	0	
114072	Cerebelum_8_L	0	0	0	0	0	0	0	0	0	0	0	0	0	0	0	0	0	0	0	0	0	0	0	0	0	0	0	0	0	0	0	0	0	0	0	0	0	0	0	0	0	0	0	0	0	0	0	0	0	0	0	0	0	0	0	0	0	0	0	0	0	0	0	0	0	0	0	0	0	0	0	0	0	0	0	0	0	0	0	0	0	0	0	0	0	0	0	0	0	0	9318	0	18588	1124	0	0	262	0	1836	0	16554	370	0	1432	4622	0	118	0	0	0	0	114	1458	1240	0	0	
117512	Cerebelum_8_R	0	0	0	0	0	0	0	0	0	0	0	0	0	0	0	0	0	0	0	0	0	0	0	0	0	0	0	0	0	0	0	0	0	0	0	0	0	0	0	0	0	0	0	0	0	0	0	0	0	0	0	0	0	0	0	0	0	0	0	0	0	0	0	0	0	0	0	0	0	0	0	0	0	0	0	0	0	0	0	0	0	0	0	0	0	0	0	0	0	0	2134	10456	1346	20270	0	0	0	196	640	2206	892	8502	1432	0	0	4976	0	556	0	0	0	264	3552	1130	204	0	
34632	Cerebelum_9_L	0	0	0	0	0	0	0	0	0	0	0	0	0	0	0	0	0	0	0	0	0	0	0	0	0	0	0	0	0	0	0	0	0	0	0	0	0	0	0	0	0	0	0	0	0	0	0	0	0	0	0	0	0	0	0	0	0	0	0	0	0	0	0	0	0	0	0	0	0	0	0	0	0	0	0	0	0	0	0	0	0	0	0	0	0	0	0	0	0	0	1336	0	1386	0	486	0	2138	182	1760	172	1220	0	4622	0	0	176	1782	0	0	0	918	258	140	0	202	538	
52732	Cerebelum_9_R	0	0	0	0	0	0	0	0	0	0	0	0	0	0	0	0	0	0	0	0	0	0	0	0	0	0	0	0	0	0	0	0	0	0	0	0	0	0	0	0	0	0	0	0	0	0	0	0	0	0	0	0	0	0	0	0	0	0	0	0	0	0	0	0	0	0	0	0	0	0	0	0	0	0	0	0	0	0	0	0	0	0	0	0	0	0	0	0	0	0	280	2114	0	2040	0	466	528	0	740	1276	0	404	0	4976	176	0	0	1048	282	580	1270	2196	1646	2092	3150	1102	
6372	Cerebelum_10_L	0	0	0	0	0	0	0	0	0	0	0	0	0	0	0	0	0	0	0	0	0	0	0	0	0	0	0	0	0	0	0	0	0	0	0	0	0	0	0	0	0	0	0	0	0	0	0	0	0	0	0	0	0	0	0	0	0	0	0	0	0	0	0	0	0	0	0	0	0	0	0	0	0	0	0	0	0	0	0	0	0	0	0	0	0	0	0	0	0	0	420	0	148	0	0	0	0	0	484	0	234	0	118	0	1782	0	0	0	0	0	0	0	0	0	0	0	
7336	Cerebelum_10_R	0	0	0	0	0	0	0	0	0	0	0	0	0	0	0	0	0	0	0	0	0	0	0	0	0	0	0	0	0	0	0	0	0	0	0	0	0	0	0	0	0	0	0	0	0	0	0	0	0	0	0	0	0	0	0	0	0	0	0	0	0	0	0	0	0	0	0	0	0	0	0	0	0	0	0	0	0	0	0	0	0	0	0	0	0	0	0	0	0	0	0	626	0	364	0	0	0	0	0	584	0	0	0	556	0	1048	0	0	0	0	0	0	124	184	182	0	
9164	Vermis_1_2	0	0	0	0	0	0	0	0	0	0	0	0	0	0	0	0	0	0	0	0	0	0	0	0	0	0	0	0	0	0	0	0	0	0	0	0	0	0	0	0	0	0	0	0	0	0	0	0	0	0	0	0	0	0	0	0	0	0	0	0	0	0	0	0	0	0	0	0	0	0	0	0	0	0	0	0	0	0	0	0	0	0	0	0	0	0	0	0	0	0	0	0	0	0	164	620	0	0	0	128	0	0	0	0	0	282	0	0	0	3098	290	0	0	0	0	0	
26704	Vermis_3	0	0	0	0	0	0	0	0	0	0	0	0	0	0	0	0	0	0	0	0	0	0	0	0	0	0	0	0	0	0	0	0	0	0	0	0	262	0	316	0	0	0	0	0	0	0	110	126	0	0	0	0	0	0	0	0	0	0	0	0	0	0	0	0	0	0	0	0	0	0	0	0	0	0	0	0	0	0	0	0	0	0	0	0	0	0	0	0	0	0	0	1230	0	0	432	2668	174	1528	0	1906	0	0	0	0	0	580	0	0	3098	0	922	0	0	0	0	0	
89840	Vermis_4_5	0	0	0	0	0	0	0	0	0	0	0	0	0	0	0	0	0	0	0	0	0	0	0	0	0	0	0	0	0	0	0	0	0	0	0	1448	0	1446	0	250	0	0	0	310	0	0	1144	2190	0	0	0	0	0	0	194	1052	0	0	0	0	0	0	0	0	0	0	0	1730	0	0	0	0	0	0	0	0	0	0	0	0	0	0	0	0	0	0	0	0	0	214	152	4036	0	158	0	1008	3992	7172	2470	7300	0	0	0	0	918	1270	0	0	290	922	0	2690	0	0	1038	1526	
101004	Vermis_6	0	0	0	0	0	0	0	0	0	0	0	0	0	0	0	0	0	0	0	0	0	0	0	0	0	0	0	0	0	0	0	0	0	0	0	0	0	0	0	0	0	0	0	552	0	124	932	2262	0	176	0	0	0	192	346	830	0	0	0	0	0	0	0	0	0	0	0	0	0	0	0	0	0	0	0	0	0	0	0	0	0	0	0	0	0	0	0	0	0	0	3324	8222	664	1134	0	0	992	376	5898	9552	0	0	114	264	258	2196	0	0	0	0	2690	0	5072	790	2052	1490	
101280	Vermis_7	0	0	0	0	0	0	0	0	0	0	0	0	0	0	0	0	0	0	0	0	0	0	0	0	0	0	0	0	0	0	0	0	0	0	0	0	0	0	0	0	0	0	0	0	0	0	340	214	0	0	0	0	0	0	0	0	0	0	0	0	0	0	0	0	0	0	0	0	0	0	0	0	0	0	0	0	0	0	0	0	0	0	0	0	0	0	0	0	0	0	6160	7652	2150	5046	0	0	0	0	4912	7036	1148	348	1458	3552	140	1646	0	124	0	0	0	5072	0	2188	1454	0	
31424	Vermis_8	0	0	0	0	0	0	0	0	0	0	0	0	0	0	0	0	0	0	0	0	0	0	0	0	0	0	0	0	0	0	0	0	0	0	0	0	0	0	0	0	0	0	0	0	0	0	0	0	0	0	0	0	0	0	0	0	0	0	0	0	0	0	0	0	0	0	0	0	0	0	0	0	0	0	0	0	0	0	0	0	0	0	0	0	0	0	0	0	0	0	506	902	782	1116	0	0	0	0	610	852	908	410	1240	1130	0	2092	0	184	0	0	0	790	2188	0	2002	0	
29004	Vermis_9	0	0	0	0	0	0	0	0	0	0	0	0	0	0	0	0	0	0	0	0	0	0	0	0	0	0	0	0	0	0	0	0	0	0	0	0	0	0	0	0	0	0	0	0	0	0	0	0	0	0	0	0	0	0	0	0	0	0	0	0	0	0	0	0	0	0	0	0	0	0	0	0	0	0	0	0	0	0	0	0	0	0	0	0	0	0	0	0	0	0	274	710	0	444	0	0	524	0	738	690	0	0	0	204	202	3150	0	182	0	0	1038	2052	1454	2002	0	838	
13068	Vermis_10	0	0	0	0	0	0	0	0	0	0	0	0	0	0	0	0	0	0	0	0	0	0	0	0	0	0	0	0	0	0	0	0	0	0	0	0	0	0	0	0	0	0	0	0	0	0	0	0	0	0	0	0	0	0	0	0	0	0	0	0	0	0	0	0	0	0	0	0	0	0	0	0	0	0	0	0	0	0	0	0	0	0	0	0	0	0	0	0	0	0	0	0	0	0	0	0	728	0	312	0	0	0	0	0	538	1102	0	0	0	0	1526	1490	0	0	838	0	
