data	data	537484	319132	994500	854948	126936	150484	535536	229876	83724	34184	266860	218364	343096	190484	169704	96452	270944	106012	661040	890580	61892	87656	565360	596928	69360	79288	56880	94268	788036	462624	492376	621084	245992	707768	137476	182292	218812	253692	69080	134920	37700	44260	195356	272204	137948	256804	217516	197788	161096	286188	438264	267416	144912	122532	312576	341748	251444	216188	95868	94472	192912	122108	122296	92500	98404	131708	234520	354152	278656	209576	320744	511324	299440	370960	36392	35980	85464	113536	60920	12788	240584	71932	104612	54856	328796	186764	36352	22896	284116	159104	385320	344276	232232	270920	11860	40584	291560	167132	401952	316444	201068	169692	214672	242232	69688	92720	5720	13580	13752	28956	215244	174564	169500	108416	63976	18136	
data	data	Precentral_L	Precentral_R	Frontal_Sup_L	Frontal_Sup_R	Frontal_Sup_Orb_L	Frontal_Sup_Orb_R	Frontal_Mid_L	Frontal_Mid_R	Frontal_Mid_Orb_L	Frontal_Mid_Orb_R	Frontal_Inf_Oper_L	Frontal_Inf_Oper_R	Frontal_Inf_Tri_L	Frontal_Inf_Tri_R	Frontal_Inf_Orb_L	Frontal_Inf_Orb_R	Rolandic_Oper_L	Rolandic_Oper_R	Supp_Motor_Area_L	Supp_Motor_Area_R	Olfactory_L	Olfactory_R	Frontal_Sup_Medial_L	Frontal_Sup_Medial_R	Frontal_Med_Orb_L	Frontal_Med_Orb_R	Rectus_L	Rectus_R	Insula_L	Insula_R	Cingulum_Ant_L	Cingulum_Ant_R	Cingulum_Mid_L	Cingulum_Mid_R	Cingulum_Post_L	Cingulum_Post_R	Hippocampus_L	Hippocampus_R	ParaHippocampal_L	ParaHippocampal_R	Amygdala_L	Amygdala_R	Calcarine_L	Calcarine_R	Cuneus_L	Cuneus_R	Lingual_L	Lingual_R	Occipital_Sup_L	Occipital_Sup_R	Occipital_Mid_L	Occipital_Mid_R	Occipital_Inf_L	Occipital_Inf_R	Fusiform_L	Fusiform_R	Postcentral_L	Postcentral_R	Parietal_Sup_L	Parietal_Sup_R	Parietal_Inf_L	Parietal_Inf_R	SupraMarginal_L	SupraMarginal_R	Angular_L	Angular_R	Precuneus_L	Precuneus_R	Paracentral_Lobule_L	Paracentral_Lobule_R	Caudate_L	Caudate_R	Putamen_L	Putamen_R	Pallidum_L	Pallidum_R	Thalamus_L	Thalamus_R	Heschl_L	Heschl_R	Temporal_Sup_L	Temporal_Sup_R	Temporal_Pole_Sup_L	Temporal_Pole_Sup_R	Temporal_Mid_L	Temporal_Mid_R	Temporal_Pole_Mid_L	Temporal_Pole_Mid_R	Temporal_Inf_L	Temporal_Inf_R	Cerebelum_Crus1_L	Cerebelum_Crus1_R	Cerebelum_Crus2_L	Cerebelum_Crus2_R	Cerebelum_3_L	Cerebelum_3_R	Cerebelum_4_5_L	Cerebelum_4_5_R	Cerebelum_6_L	Cerebelum_6_R	Cerebelum_7b_L	Cerebelum_7b_R	Cerebelum_8_L	Cerebelum_8_R	Cerebelum_9_L	Cerebelum_9_R	Cerebelum_10_L	Cerebelum_10_R	Vermis_1_2	Vermis_3	Vermis_4_5	Vermis_6	Vermis_7	Vermis_8	Vermis_9	Vermis_10	
537484	Precentral_L	0	13422	7022	432	0	0	16210	0	0	0	8922	0	3222	0	0	0	11458	0	5864	21390	0	0	0	0	0	0	0	0	14110	0	0	0	1610	11784	6196	7634	3080	2656	0	1038	0	0	708	1364	436	148	0	466	912	0	6318	272	1358	662	452	924	30510	4922	492	0	3694	0	4162	0	1024	0	2276	2474	31978	12654	816	1172	1912	0	106	0	2622	394	1764	0	5140	0	0	0	6324	384	0	0	3734	118	0	0	0	0	0	0	0	0	0	0	0	0	0	0	0	0	0	0	0	0	0	0	0	0	0	0	
319132	Precentral_R	13422	0	2170	3770	0	0	442	6362	0	0	96	4582	0	214	0	0	0	2242	3936	13226	0	0	0	0	0	0	0	0	348	4414	0	0	744	448	1710	3214	826	9736	0	748	0	0	0	1710	0	332	0	112	0	352	1166	1020	0	3662	0	5996	1478	15976	0	0	970	440	0	1474	0	0	86	3358	8434	6072	2492	6922	1082	3724	230	0	2638	8924	0	618	0	1674	0	0	0	2858	0	0	0	3116	0	0	0	0	0	0	0	0	0	0	0	0	0	0	0	0	0	0	0	0	0	0	0	0	0	0	
994500	Frontal_Sup_L	7022	2170	0	14010	8776	332	82800	2422	4816	0	15588	570	19206	324	12050	214	11816	230	76660	20680	364	0	41158	10470	3226	260	172	0	52754	1710	24290	10610	10268	10122	290	356	3464	400	88	268	0	0	0	198	0	116	0	146	0	0	0	0	0	0	124	172	2314	174	0	0	0	0	204	0	0	0	0	476	0	0	11212	4816	16386	1654	664	0	1198	406	396	0	3438	0	1768	0	130	226	0	0	790	286	0	0	0	0	0	0	0	0	0	0	0	0	0	0	0	0	0	0	0	0	0	0	0	0	0	0	
854948	Frontal_Sup_R	432	3770	14010	0	134	9624	2646	36912	0	538	708	17256	1620	14476	0	2680	0	7574	10784	66218	0	0	15788	49916	406	3236	0	674	2420	29360	2498	33888	1350	31620	0	100	0	1672	0	496	0	0	0	0	0	0	0	0	0	0	0	0	0	0	0	350	204	766	0	0	0	0	0	0	0	0	0	0	0	0	3266	24710	516	25028	104	1936	390	5810	0	0	0	844	0	602	0	0	0	0	0	142	0	0	0	0	0	0	0	0	0	0	0	0	0	0	0	0	0	0	0	0	0	0	0	0	0	0	
126936	Frontal_Sup_Orb_L	0	0	8776	134	0	0	1348	0	12236	0	0	0	568	0	8170	0	0	0	222	0	756	0	4212	844	4966	486	5516	0	5246	0	6498	812	106	98	0	0	0	0	0	0	94	0	0	0	0	0	0	0	0	0	0	0	0	0	0	0	0	0	0	0	0	0	0	0	0	0	0	0	0	0	154	140	1880	0	0	0	0	0	0	0	0	0	206	0	0	0	0	0	0	0	0	0	0	0	0	0	0	0	0	0	0	0	0	0	0	0	0	0	0	0	0	0	0	0	0	0	
150484	Frontal_Sup_Orb_R	0	0	332	9624	0	0	102	496	0	5076	138	240	138	266	0	2158	0	0	186	1506	352	1388	358	9934	374	6894	362	8984	128	1654	556	8378	0	228	0	0	0	0	0	0	0	0	0	0	0	0	0	0	0	0	0	0	0	0	0	0	0	0	0	0	0	0	0	0	0	0	0	0	0	0	446	8712	0	5480	0	228	0	416	0	0	0	0	0	108	0	0	0	0	0	0	0	0	0	0	0	0	0	0	0	0	0	0	0	0	0	0	0	0	0	0	0	0	0	0	0	0	
535536	Frontal_Mid_L	16210	442	82800	2646	1348	102	0	476	4814	0	16020	334	37080	114	9942	106	10940	0	8870	2676	0	0	15746	2404	0	0	0	0	26216	256	3232	2126	3410	3448	442	452	2406	452	0	316	0	0	0	0	0	0	0	190	0	0	0	0	0	0	0	0	848	0	0	0	0	0	0	0	0	0	0	0	0	0	2714	3036	666	402	0	0	456	488	300	0	2494	0	348	0	0	0	0	0	0	0	0	0	0	0	0	0	0	0	0	0	0	0	0	0	0	0	0	0	0	0	0	0	0	0	0	0	
229876	Frontal_Mid_R	0	6362	2422	36912	0	496	476	0	0	966	332	9610	1444	12424	0	3370	0	1006	3086	3604	0	784	1926	8272	0	0	0	302	828	6110	168	2658	86	3744	0	0	0	540	0	240	0	278	0	0	0	0	0	0	0	0	0	0	0	0	0	0	0	1596	0	0	0	0	0	136	0	0	0	0	0	0	1244	690	268	2070	0	0	0	90	0	0	0	398	0	0	0	0	0	0	0	0	0	0	0	0	0	0	0	0	0	0	0	0	0	0	0	0	0	0	0	0	0	0	0	0	0	0	
83724	Frontal_Mid_Orb_L	0	0	4816	0	12236	0	4814	0	0	0	0	0	1326	0	11924	0	0	0	0	0	0	0	100	0	1282	0	2598	0	1854	0	658	0	0	0	0	0	0	0	0	0	0	0	0	0	0	0	0	0	0	0	0	0	0	0	0	0	0	0	0	0	0	0	0	0	0	0	0	0	0	0	0	0	254	0	0	0	0	0	0	0	0	0	0	0	0	0	0	0	0	0	0	0	0	0	0	0	0	0	0	0	0	0	0	0	0	0	0	0	0	0	0	0	0	0	0	0	
34184	Frontal_Mid_Orb_R	0	0	0	538	0	5076	0	966	0	0	0	0	0	636	0	5410	0	0	0	0	0	0	0	358	0	434	0	2074	0	108	0	0	0	0	0	0	0	0	0	0	0	0	0	0	0	0	0	0	0	0	0	0	0	0	0	0	0	0	0	0	0	0	0	0	0	0	0	0	0	0	0	480	0	1012	0	0	0	0	0	0	0	0	0	0	0	0	0	0	0	0	0	0	0	0	0	0	0	0	0	0	0	0	0	0	0	0	0	0	0	0	0	0	0	0	0	0	
266860	Frontal_Inf_Oper_L	8922	96	15588	708	0	138	16020	332	0	0	0	530	18960	262	338	158	12436	0	3302	342	0	0	132	184	0	0	0	0	27654	496	866	234	158	0	0	0	452	0	0	0	0	0	0	0	0	0	0	0	0	0	0	0	0	0	0	0	2844	0	0	0	0	0	1590	0	122	0	0	0	0	0	6580	2480	2024	106	0	0	164	102	1164	0	3920	0	3426	0	292	0	0	0	308	0	0	0	0	0	0	0	0	0	0	0	0	0	0	0	0	0	0	0	0	0	0	0	0	0	0	0	
218364	Frontal_Inf_Oper_R	0	4582	570	17256	0	240	334	9610	0	0	530	0	1052	16392	0	564	0	3812	808	9828	0	0	226	2086	0	0	0	0	834	20084	244	1126	0	5448	0	0	0	118	0	0	0	0	0	0	0	0	0	0	0	0	0	0	0	0	0	0	0	2096	0	0	0	0	0	0	0	0	0	0	0	0	1046	3214	272	5850	0	0	0	112	0	0	0	168	0	680	0	0	0	0	0	0	0	0	0	0	0	0	0	0	0	0	0	0	0	0	0	0	0	0	0	0	0	0	0	0	0	0	
343096	Frontal_Inf_Tri_L	3222	0	19206	1620	568	138	37080	1444	1326	0	18960	1052	0	566	14676	326	1002	0	3800	1226	0	0	3210	1162	0	0	0	0	33776	1002	5392	1156	1384	1506	0	0	0	0	0	0	0	0	0	0	0	0	0	0	0	0	0	0	0	0	0	0	208	0	0	0	0	0	0	0	0	0	0	0	0	0	10200	3062	1524	250	0	0	0	92	0	0	214	0	1198	0	0	0	0	0	0	0	0	0	0	0	0	0	0	0	0	0	0	0	0	0	0	0	0	0	0	0	0	0	0	0	0	0	
190484	Frontal_Inf_Tri_R	0	214	324	14476	0	266	114	12424	0	636	262	16392	566	0	0	2932	0	582	1648	7572	0	0	870	3744	0	0	0	0	508	16806	218	2474	0	6286	0	0	0	0	0	0	0	0	0	0	0	0	0	0	0	0	0	0	0	0	0	0	0	102	0	0	0	0	0	0	0	0	0	0	0	0	704	2624	242	2158	0	0	0	0	0	0	0	0	0	98	0	0	0	0	0	0	0	0	0	0	0	0	0	0	0	0	0	0	0	0	0	0	0	0	0	0	0	0	0	0	0	0	
169704	Frontal_Inf_Orb_L	0	0	12050	0	8170	0	9942	0	11924	0	338	0	14676	0	0	0	0	0	624	148	732	0	2670	518	0	0	252	0	15512	0	2584	360	614	444	0	0	0	0	0	0	0	0	0	0	0	0	0	0	0	0	0	0	0	0	0	0	0	0	0	0	0	0	0	0	0	0	0	0	0	0	112	0	1106	0	0	0	0	0	0	0	0	0	2076	0	0	0	0	0	0	0	0	0	0	0	0	0	0	0	0	0	0	0	0	0	0	0	0	0	0	0	0	0	0	0	0	0	
96452	Frontal_Inf_Orb_R	0	0	214	2680	0	2158	106	3370	0	5410	158	564	326	2932	0	0	0	0	216	2276	0	1132	390	1290	0	0	0	1086	254	8150	0	1110	0	1108	0	0	0	106	0	0	0	438	0	0	0	0	0	0	0	0	0	0	0	0	0	388	0	0	0	0	0	0	0	0	0	0	0	0	0	0	270	5292	0	5002	0	106	0	0	0	0	0	0	0	1098	0	134	0	0	0	462	0	0	0	0	0	0	0	0	0	0	0	0	0	0	0	0	0	0	0	0	0	0	0	0	0	0	
270944	Rolandic_Oper_L	11458	0	11816	0	0	0	10940	0	0	0	12436	0	1002	0	0	0	0	0	4582	0	0	0	0	0	0	0	0	0	32896	0	0	0	0	0	522	0	694	0	0	0	0	0	222	0	104	0	0	0	0	0	1130	0	1984	0	894	0	7604	0	0	0	450	0	4796	0	302	0	242	0	608	0	914	0	594	0	0	0	0	0	3404	0	17278	0	1736	0	5032	0	0	0	1832	0	0	0	0	0	0	0	0	0	0	0	0	0	0	0	0	0	0	0	0	0	0	0	0	0	0	0	
106012	Rolandic_Oper_R	0	2242	230	7574	0	0	0	1006	0	0	0	3812	0	582	0	0	0	0	102	5722	0	0	0	156	0	0	0	0	0	12454	0	0	0	1100	0	0	0	708	0	0	0	0	0	126	0	138	0	0	0	112	0	154	0	0	0	0	0	4798	0	0	0	0	0	1928	0	0	0	360	0	0	0	226	0	2720	0	0	0	114	0	1184	0	5042	0	314	0	102	0	0	0	0	0	0	0	0	0	0	0	0	0	0	0	0	0	0	0	0	0	0	0	0	0	0	0	0	0	0	
661040	Supp_Motor_Area_L	5864	3936	76660	10784	222	186	8870	3086	0	0	3302	808	3800	1648	624	216	4582	102	0	46684	0	0	7436	2866	0	0	0	0	19342	1534	14334	7178	15166	23296	1128	354	3418	0	160	0	0	0	0	200	0	118	0	0	0	0	0	0	0	0	316	146	2956	330	0	0	0	0	188	0	0	0	216	564	3684	2900	11106	2604	23218	1058	5640	0	2828	0	366	0	2368	0	0	0	206	226	0	0	1412	284	0	0	0	0	0	0	0	0	0	0	0	0	0	0	0	0	0	0	0	0	0	0	0	0	0	0	
890580	Supp_Motor_Area_R	21390	13226	20680	66218	0	1506	2676	3604	0	0	342	9828	1226	7572	148	2276	0	5722	46684	0	0	0	4026	12224	0	160	0	0	1482	17924	3626	11266	7184	57920	1852	5762	346	1642	0	402	0	0	0	1882	0	220	0	0	0	0	1144	318	0	968	0	1784	876	6728	0	0	960	0	0	0	0	0	170	3842	13896	19324	3234	25388	1016	23818	104	3546	704	4244	0	0	0	576	0	454	0	552	0	0	0	628	0	0	0	0	0	0	0	0	0	0	0	0	0	0	0	0	0	0	0	0	0	0	0	0	0	0	
61892	Olfactory_L	0	0	364	0	756	352	0	0	0	0	0	0	0	0	732	0	0	0	0	0	0	4686	242	0	716	0	2534	3042	1564	0	3054	1784	0	0	0	0	110	0	602	0	562	0	0	0	0	0	0	0	0	0	0	0	0	0	0	0	0	0	0	0	0	0	0	0	0	0	0	0	0	0	4732	2860	1680	208	0	0	0	0	0	0	0	0	366	0	0	0	0	0	0	0	0	0	0	0	0	0	0	0	0	0	0	0	0	0	0	0	0	0	0	0	0	0	0	0	0	0	
87656	Olfactory_R	0	0	0	0	0	1388	0	784	0	0	0	0	0	0	0	1132	0	0	0	0	4686	0	0	0	580	246	2486	4914	0	2476	2832	2342	0	0	0	0	0	404	0	176	0	1244	0	0	0	0	0	0	0	0	0	0	0	0	0	86	0	0	0	0	0	0	0	0	0	0	0	0	0	0	7578	6316	2670	1330	0	158	0	0	0	0	0	0	0	0	0	0	0	0	0	0	0	0	0	0	0	0	0	0	0	0	0	0	0	0	0	0	0	0	0	0	0	0	0	0	0	0	
565360	Frontal_Sup_Medial_L	0	0	41158	15788	4212	358	15746	1926	100	0	132	226	3210	870	2670	390	0	0	7436	4026	242	0	0	42794	5482	1846	720	104	8918	3958	35378	33882	12840	27534	0	0	0	0	0	0	0	0	0	0	0	0	0	0	0	0	0	0	0	0	0	0	0	0	0	0	0	0	0	0	0	0	0	0	0	0	2490	3396	3332	1150	0	242	0	0	0	0	0	0	124	0	0	0	0	0	0	0	0	0	0	0	0	0	0	0	0	0	0	0	0	0	0	0	0	0	0	0	0	0	0	0	0	0	
596928	Frontal_Sup_Medial_R	0	0	10470	49916	844	9934	2404	8272	0	358	184	2086	1162	3744	518	1290	0	156	2866	12224	0	0	42794	0	2080	7162	0	1074	1874	11706	14084	51262	3672	33232	0	0	0	0	0	0	0	0	0	0	0	0	0	0	0	0	0	0	0	0	0	0	0	0	0	0	0	0	0	0	0	0	0	0	0	0	960	13642	694	6788	0	556	0	456	0	0	0	0	0	0	0	0	0	0	0	0	0	0	0	0	0	0	0	0	0	0	0	0	0	0	0	0	0	0	0	0	0	0	0	0	0	0	
69360	Frontal_Med_Orb_L	0	0	3226	406	4966	374	0	0	1282	0	0	0	0	0	0	0	0	0	0	0	716	580	5482	2080	0	2626	2520	386	408	86	6708	1510	0	0	0	0	0	0	0	0	0	0	0	0	0	0	0	0	0	0	0	0	0	0	0	0	0	0	0	0	0	0	0	0	0	0	0	0	0	0	658	364	302	0	0	0	0	0	0	0	0	0	0	0	0	0	0	0	0	0	0	0	0	0	0	0	0	0	0	0	0	0	0	0	0	0	0	0	0	0	0	0	0	0	0	0	
79288	Frontal_Med_Orb_R	0	0	260	3236	486	6894	0	0	0	434	0	0	0	0	0	0	0	0	0	160	0	246	1846	7162	2626	0	0	5888	96	276	2596	4980	0	0	0	0	0	0	0	0	0	0	0	0	0	0	0	0	0	0	0	0	0	0	0	0	0	0	0	0	0	0	0	0	0	0	0	0	0	0	0	1918	0	540	0	0	0	0	0	0	0	0	0	0	0	0	0	0	0	0	0	0	0	0	0	0	0	0	0	0	0	0	0	0	0	0	0	0	0	0	0	0	0	0	0	0	
56880	Rectus_L	0	0	172	0	5516	362	0	0	2598	0	0	0	0	0	252	0	0	0	0	0	2534	2486	720	0	2520	0	0	1544	256	0	3434	842	0	0	0	0	0	0	0	0	0	0	0	0	0	0	0	0	0	0	0	0	0	0	0	0	0	0	0	0	0	0	0	0	0	0	0	0	0	0	3034	1206	876	88	0	0	0	0	0	0	0	0	0	0	0	0	0	0	0	0	0	0	0	0	0	0	0	0	0	0	0	0	0	0	0	0	0	0	0	0	0	0	0	0	0	0	
94268	Rectus_R	0	0	0	674	0	8984	0	302	0	2074	0	0	0	0	0	1086	0	0	0	0	3042	4914	104	1074	386	5888	1544	0	0	684	2254	4094	0	0	0	0	0	0	0	0	0	98	0	0	0	0	0	0	0	0	0	0	0	0	0	0	0	0	0	0	0	0	0	0	0	0	0	0	0	0	2972	4604	1410	946	0	0	0	0	0	0	0	0	0	0	0	0	0	0	0	0	0	0	0	0	0	0	0	0	0	0	0	0	0	0	0	0	0	0	0	0	0	0	0	0	0	0	
788036	Insula_L	14110	348	52754	2420	5246	128	26216	828	1854	0	27654	834	33776	508	15512	254	32896	0	19342	1482	1564	0	8918	1874	408	96	256	0	0	1172	13502	2236	1428	1436	846	320	8734	196	1276	116	1482	0	356	0	164	0	0	0	0	0	2160	0	2210	0	3726	0	7010	0	132	0	1110	0	2816	0	344	0	468	0	604	0	15606	3766	20376	260	0	0	988	268	5732	0	20444	0	5806	0	8114	0	0	0	9536	0	0	0	0	0	0	0	0	0	0	0	0	0	0	0	0	0	0	0	0	0	0	0	0	0	0	0	
462624	Insula_R	0	4414	1710	29360	0	1654	256	6110	0	108	496	20084	1002	16806	0	8150	0	12454	1534	17924	0	2476	3958	11706	86	276	0	684	1172	0	3824	12014	340	9088	0	0	0	4970	0	1326	0	1496	0	120	0	238	0	0	0	194	0	290	0	144	0	2222	0	3026	0	0	0	0	0	194	0	0	0	416	0	0	1320	12592	460	25866	0	358	0	830	0	1334	0	2898	0	1562	0	526	0	0	0	1244	0	0	0	0	0	0	0	0	0	0	0	0	0	0	0	0	0	0	0	0	0	0	0	0	0	0	
492376	Cingulum_Ant_L	0	0	24290	2498	6498	556	3232	168	658	0	866	244	5392	218	2584	0	0	0	14334	3626	3054	2832	35378	14084	6708	2596	3434	2254	13502	3824	0	29162	17410	13306	194	0	0	0	0	0	0	0	0	0	0	0	0	0	0	0	0	0	0	0	0	0	0	0	0	0	0	0	0	0	0	0	0	0	0	0	13174	6536	12318	948	0	144	0	0	0	0	0	0	166	0	0	0	0	0	0	0	0	0	0	0	0	0	0	0	0	0	0	0	0	0	0	0	0	0	0	0	0	0	0	0	0	0	
621084	Cingulum_Ant_R	0	0	10610	33888	812	8378	2126	2658	0	0	234	1126	1156	2474	360	1110	0	0	7178	11266	1784	2342	33882	51262	1510	4980	842	4094	2236	12014	29162	0	7830	36764	0	0	0	0	0	0	0	0	0	0	0	0	0	0	0	0	0	0	0	0	0	0	0	0	0	0	0	0	0	0	0	0	0	0	0	0	2886	22888	1624	9774	0	852	0	440	0	0	0	0	0	0	0	0	0	0	0	0	0	0	0	0	0	0	0	0	0	0	0	0	0	0	0	0	0	0	0	0	0	0	0	0	0	0	
245992	Cingulum_Mid_L	1610	744	10268	1350	106	0	3410	86	0	0	158	0	1384	0	614	0	0	0	15166	7184	0	0	12840	3672	0	0	0	0	1428	340	17410	7830	0	18742	3768	950	0	0	0	0	0	0	0	104	388	254	0	0	1050	0	1704	0	0	0	0	0	0	346	264	0	0	0	0	0	0	0	2912	1234	2168	1920	456	482	198	108	0	0	0	0	0	0	0	0	0	0	348	0	0	0	0	0	0	0	0	0	0	0	0	0	0	0	0	0	0	0	0	0	0	0	0	0	0	0	0	0	0	0	
707768	Cingulum_Mid_R	11784	448	10122	31620	98	228	3448	3744	0	0	0	5448	1506	6286	444	1108	0	1100	23296	57920	0	0	27534	33232	0	0	0	0	1436	9088	13306	36764	18742	0	1848	8150	104	0	0	0	0	0	0	3150	0	362	0	0	0	0	0	280	0	398	0	358	0	5734	0	0	0	0	0	0	0	0	498	8418	5760	13566	894	2826	358	1668	0	0	0	0	0	0	0	0	0	306	0	396	0	0	0	108	0	0	0	0	0	0	0	0	0	0	0	0	0	0	0	0	0	0	0	0	0	0	0	0	0	0	
137476	Cingulum_Post_L	6196	1710	290	0	0	0	442	0	0	0	0	0	0	0	0	0	522	0	1128	1852	0	0	0	0	0	0	0	0	846	0	194	0	3768	1848	0	10598	5122	3414	2230	1916	0	0	1502	244	886	0	812	1068	538	0	828	0	844	328	448	526	188	1234	0	0	252	0	0	0	0	0	5194	1312	5268	2482	0	0	250	0	0	0	852	0	358	0	296	0	0	0	606	0	0	0	346	0	0	0	0	0	0	0	0	0	0	0	0	0	0	0	0	0	0	0	0	0	0	0	0	0	0	0	
182292	Cingulum_Post_R	7634	3214	356	100	0	0	452	0	0	0	0	0	0	0	0	0	0	0	354	5762	0	0	0	0	0	0	0	0	320	0	0	0	950	8150	10598	0	3870	6892	712	3404	0	0	0	2064	0	142	0	2250	0	0	360	0	0	1854	0	2110	232	3042	0	0	354	0	0	0	0	0	490	9820	4118	6170	0	0	282	0	0	0	2882	456	356	0	0	0	0	0	0	0	0	0	0	270	0	0	0	0	0	0	0	334	0	0	0	0	0	0	0	0	0	0	0	0	792	0	0	0	0	0	
218812	Hippocampus_L	3080	826	3464	0	0	0	2406	0	0	0	452	0	0	0	0	0	694	0	3418	346	110	0	0	0	0	0	0	0	8734	0	0	0	0	104	5122	3870	0	3408	9418	2244	6742	0	1624	0	0	0	2164	1206	0	0	654	0	816	0	11016	286	884	0	0	0	88	0	124	0	0	0	2556	622	114	0	654	164	8510	0	346	0	4022	84	1718	0	2042	0	576	0	2354	0	0	0	11924	0	0	0	0	0	0	0	420	0	0	0	0	0	0	0	0	0	0	0	0	0	0	0	0	0	0	0	
253692	Hippocampus_R	2656	9736	400	1672	0	0	452	540	0	0	0	118	0	0	0	106	0	708	0	1642	0	404	0	0	0	0	0	0	196	4970	0	0	0	0	3414	6892	3408	0	642	18926	0	6308	0	1290	0	92	0	3674	0	0	0	272	0	868	0	25370	0	1206	0	0	0	0	0	136	0	0	0	3290	514	0	250	926	252	6796	0	296	3798	4166	300	90	0	548	0	1050	0	1440	0	0	0	5600	0	0	0	0	0	0	0	894	0	0	0	0	0	0	0	0	0	0	0	0	538	0	0	0	0	0	
69080	ParaHippocampal_L	0	0	88	0	0	0	0	0	0	0	0	0	0	0	0	0	0	0	160	0	602	0	0	0	0	0	0	0	1276	0	0	0	0	0	2230	712	9418	642	0	196	1792	0	1346	0	0	0	3970	206	0	0	344	0	522	0	3926	0	0	0	0	0	0	0	0	0	0	0	2418	312	0	0	0	0	878	0	0	0	0	0	0	0	100	0	580	0	0	0	222	0	1134	0	216	0	0	0	92	0	538	0	276	0	0	0	0	0	0	0	0	0	138	206	0	0	0	0	0	0	
134920	ParaHippocampal_R	1038	748	268	496	0	0	316	240	0	0	0	0	0	0	0	0	0	0	0	402	0	176	0	0	0	0	0	0	116	1326	0	0	0	0	1916	3404	2244	18926	196	0	0	3288	0	274	0	0	0	5466	0	0	0	0	0	878	0	12910	0	144	0	0	0	0	0	0	0	0	0	1622	0	0	0	262	190	2270	0	108	2130	1326	208	0	0	204	0	1162	0	0	0	744	0	638	0	0	0	0	0	0	0	1442	0	0	0	0	0	0	0	0	0	0	0	0	382	0	0	0	0	0	
37700	Amygdala_L	0	0	0	0	94	0	0	0	0	0	0	0	0	0	0	0	0	0	0	0	562	0	0	0	0	0	0	0	1482	0	0	0	0	0	0	0	6742	0	1792	0	0	0	0	0	0	0	0	0	0	0	0	0	0	0	3924	0	0	0	0	0	0	0	0	0	0	0	0	0	0	0	0	0	798	0	0	0	0	0	0	0	88	0	726	0	178	0	104	0	2360	0	0	0	0	0	0	0	0	0	0	0	0	0	0	0	0	0	0	0	0	0	0	0	0	0	0	0	
44260	Amygdala_R	0	0	0	0	0	0	0	278	0	0	0	0	0	0	0	438	0	0	0	0	0	1244	0	0	0	0	0	98	0	1496	0	0	0	0	0	0	0	6308	0	3288	0	0	0	0	0	0	0	0	0	0	0	0	0	0	0	5202	0	0	0	0	0	0	0	0	0	0	0	0	0	0	0	0	0	804	0	0	0	154	0	0	0	0	0	1756	0	0	0	190	0	874	0	0	0	0	0	0	0	0	0	0	0	0	0	0	0	0	0	0	0	0	0	0	0	0	0	0	
195356	Calcarine_L	708	0	0	0	0	0	0	0	0	0	0	0	0	0	0	0	222	0	0	0	0	0	0	0	0	0	0	0	356	0	0	0	0	0	1502	0	1624	0	1346	0	0	0	0	3570	9254	1958	10716	1438	8612	384	24984	0	10860	0	4276	170	0	0	106	0	0	0	0	0	188	0	7340	0	898	0	0	0	94	0	0	0	0	0	0	0	346	0	0	0	3174	0	0	0	1880	0	260	0	0	0	0	0	468	0	404	0	0	0	0	0	0	0	0	0	0	0	442	98	0	0	0	0	
272204	Calcarine_R	1364	1710	198	0	0	0	0	0	0	0	0	0	0	0	0	0	0	126	200	1882	0	0	0	0	0	0	0	0	0	120	0	0	104	3150	244	2064	0	1290	0	274	0	0	3570	0	2744	18356	726	13518	98	17764	0	15176	0	8508	0	7642	0	3218	0	0	0	0	0	172	0	0	388	20654	500	3490	0	0	0	0	0	0	0	0	0	0	0	156	0	0	0	5460	0	0	0	958	0	0	0	0	0	0	0	94	0	0	0	0	0	0	0	0	0	0	0	0	184	0	0	0	0	0	
137948	Cuneus_L	436	0	0	0	0	0	0	0	0	0	0	0	0	0	0	0	104	0	0	0	0	0	0	0	0	0	0	0	164	0	0	0	388	0	886	0	0	0	0	0	0	0	9254	2744	0	3624	258	0	19224	1246	12088	484	948	0	96	0	118	0	1168	0	90	0	0	0	144	0	10254	550	1202	0	0	0	0	0	0	0	0	0	0	0	318	0	0	0	2344	0	0	0	842	0	0	0	0	0	0	0	0	0	0	0	0	0	0	0	0	0	0	0	0	0	0	0	0	0	0	0	
256804	Cuneus_R	148	332	116	0	0	0	0	0	0	0	0	0	0	0	0	0	0	138	118	220	0	0	0	0	0	0	0	0	0	238	0	0	254	362	0	142	0	92	0	0	0	0	1958	18356	3624	0	106	2140	144	34004	0	18580	0	1412	0	354	0	2044	0	6390	0	4306	0	1204	0	5480	1634	19796	0	1690	0	0	0	0	0	0	0	0	0	0	0	258	0	0	0	1618	0	0	0	1040	0	0	0	0	0	0	0	0	0	0	0	0	0	0	0	0	0	0	0	0	104	0	0	0	0	0	
217516	Lingual_L	0	0	0	0	0	0	0	0	0	0	0	0	0	0	0	0	0	0	0	0	0	0	0	0	0	0	0	0	0	0	0	0	0	0	812	0	2164	0	3970	0	0	0	10716	726	258	106	0	1902	3128	134	9362	0	4976	0	16816	440	0	0	0	0	0	0	0	0	0	0	2906	0	0	0	0	0	0	0	0	0	0	0	0	0	0	0	0	0	94	0	0	0	206	0	7634	1136	370	0	0	0	12396	866	16312	1454	306	0	290	0	116	0	0	0	0	0	4752	3322	1088	0	0	0	
197788	Lingual_R	466	112	146	0	0	0	190	0	0	0	0	0	0	0	0	0	0	0	0	0	0	0	0	0	0	0	0	0	0	0	0	0	0	0	1068	2250	1206	3674	206	5466	0	0	1438	13518	0	2140	1902	0	0	4738	0	3126	0	4258	1096	15548	0	0	0	0	0	0	0	0	0	0	0	4620	0	0	0	0	98	0	0	0	794	276	118	0	0	0	0	0	0	444	0	0	0	154	1924	1788	0	124	0	118	1388	4426	3620	5950	0	0	0	0	418	0	0	0	0	0	4164	4708	1214	0	0	0	
161096	Occipital_Sup_L	912	0	0	0	0	0	0	0	0	0	0	0	0	0	0	0	0	0	0	0	0	0	0	0	0	0	0	0	0	0	0	0	1050	0	538	0	0	0	0	0	0	0	8612	98	19224	144	3128	0	0	0	25698	0	1230	0	98	0	176	0	3680	0	384	0	0	0	128	0	11668	198	2140	0	0	0	0	0	0	0	0	0	0	0	0	0	0	0	1240	0	0	0	202	0	0	0	0	0	0	0	0	0	0	0	0	0	0	0	0	0	0	0	0	0	0	0	0	0	0	0	
286188	Occipital_Sup_R	0	352	0	0	0	0	0	0	0	0	0	0	0	0	0	0	0	112	0	0	0	0	0	0	0	0	0	0	0	194	0	0	0	0	0	0	0	0	0	0	0	0	384	17764	1246	34004	134	4738	0	0	0	29140	0	3752	0	2396	0	1274	0	8734	0	7276	0	1128	0	10730	332	14066	0	142	0	0	0	0	0	0	0	0	0	0	0	330	0	0	0	2832	0	0	0	2034	0	0	0	0	0	0	0	0	0	0	0	0	0	0	0	0	0	0	0	0	0	0	0	0	0	0	
438264	Occipital_Mid_L	6318	1166	0	0	0	0	0	0	0	0	0	0	0	0	0	0	1130	0	0	1144	0	0	0	0	0	0	0	0	2160	0	0	0	1704	0	828	360	654	0	344	0	0	0	24984	0	12088	0	9362	0	25698	0	0	0	20866	202	5090	204	8550	0	8960	0	14396	0	226	0	15840	0	19324	0	13386	320	0	0	102	0	0	0	0	0	114	0	732	0	0	0	16936	0	0	0	5944	0	0	0	0	0	0	0	0	0	0	0	0	0	0	0	0	0	0	0	0	0	0	0	0	0	0	0	
267416	Occipital_Mid_R	272	1020	0	0	0	0	0	0	0	0	0	0	0	0	0	0	0	154	0	318	0	0	0	0	0	0	0	0	0	290	0	0	0	280	0	0	0	272	0	0	0	0	0	15176	484	18580	0	3126	0	29140	0	0	0	6570	0	2930	0	2038	0	2216	0	5368	0	1398	0	13960	0	12920	0	398	0	0	0	0	0	0	0	0	0	0	0	752	0	0	0	12644	0	0	0	3402	0	0	0	0	0	0	0	0	0	0	0	0	0	0	0	0	0	0	0	0	0	0	0	0	0	0	
144912	Occipital_Inf_L	1358	0	0	0	0	0	0	0	0	0	0	0	0	0	0	0	1984	0	0	0	0	0	0	0	0	0	0	0	2210	0	0	0	0	0	844	0	816	0	522	0	0	0	10860	0	948	0	4976	0	1230	0	20866	0	0	0	10046	0	0	0	0	0	152	0	0	0	142	0	1860	0	1168	0	0	0	102	0	0	0	0	0	680	0	1444	0	0	0	3880	0	0	0	5536	0	0	0	0	0	0	0	200	0	446	0	0	0	0	0	0	0	0	0	0	0	98	88	0	0	0	0	
122532	Occipital_Inf_R	662	3662	0	0	0	0	0	0	0	0	0	0	0	0	0	0	0	0	0	968	0	0	0	0	0	0	0	0	0	144	0	0	0	398	328	1854	0	868	0	878	0	0	0	8508	0	1412	0	4258	0	3752	202	6570	0	0	0	11648	118	834	0	0	200	0	0	84	0	0	0	3622	96	636	0	0	0	0	0	0	0	0	0	0	0	0	0	0	0	4748	0	0	0	4816	0	0	0	0	0	0	0	0	0	0	0	0	0	0	0	0	0	0	0	0	0	0	0	0	0	0	
312576	Fusiform_L	452	0	124	0	0	0	0	0	0	0	0	0	0	0	0	0	894	0	316	0	0	0	0	0	0	0	0	0	3726	0	0	0	0	0	448	0	11016	0	3926	0	3924	0	4276	0	96	0	16816	1096	98	0	5090	0	10046	0	0	124	0	0	0	0	0	0	0	0	0	0	576	0	352	0	112	0	2106	0	0	0	0	0	762	0	1192	0	2908	0	2582	0	1804	0	15508	0	18218	634	1196	0	170	0	10824	222	25490	1218	1180	0	1136	0	0	0	0	0	0	0	2414	2400	816	0	0	0	
341748	Fusiform_R	924	5996	172	350	0	0	0	0	0	0	0	0	0	0	0	388	0	0	146	1784	0	86	0	0	0	0	0	0	0	2222	0	0	0	358	526	2110	286	25370	0	12910	0	5202	170	7642	0	354	440	15548	0	2396	204	2930	0	11648	124	0	122	2354	0	0	202	112	0	518	0	128	0	3808	186	594	84	524	0	4164	0	192	406	764	0	0	0	500	0	5008	0	3400	0	2092	0	13350	754	7790	0	250	0	0	732	4094	1374	10934	0	0	0	150	456	0	0	0	0	0	2280	2432	834	0	0	0	
251444	Postcentral_L	30510	1478	2314	204	0	0	848	0	0	0	2844	0	208	0	0	0	7604	0	2956	876	0	0	0	0	0	0	0	0	7010	0	0	0	0	0	188	232	884	0	0	0	0	0	0	0	118	0	0	0	176	0	8550	0	0	118	0	122	0	0	7440	0	20194	0	6492	0	902	0	4552	0	7554	216	380	1096	516	0	0	0	602	372	1582	0	3944	0	0	0	1356	0	0	0	1284	0	0	0	0	0	0	0	0	0	0	0	0	0	0	0	0	0	0	0	0	0	0	0	0	0	0	0	
216188	Postcentral_R	4922	15976	174	766	0	0	0	1596	0	0	0	2096	0	102	0	0	0	4798	330	6728	0	0	0	0	0	0	0	0	0	3026	0	0	346	5734	1234	3042	0	1206	0	144	0	0	0	3218	0	2044	0	0	0	1274	0	2038	0	834	0	2354	0	0	0	2778	0	2910	0	9322	0	660	0	9414	1676	8988	0	672	0	2084	0	0	0	210	0	252	0	1866	0	0	0	1920	0	0	0	1360	0	0	0	0	0	0	0	0	0	0	0	0	0	0	0	0	0	0	0	0	0	0	0	0	0	0	
95868	Parietal_Sup_L	492	0	0	0	0	0	0	0	0	0	0	0	0	0	0	0	0	0	0	0	0	0	0	0	0	0	0	0	132	0	0	0	264	0	0	0	0	0	0	0	0	0	106	0	1168	0	0	0	3680	0	8960	0	0	0	0	0	7440	0	0	0	9452	0	0	0	502	0	11928	290	3406	0	0	0	0	0	0	0	0	0	0	0	0	0	0	0	114	0	0	0	0	0	0	0	0	0	0	0	0	0	0	0	0	0	0	0	0	0	0	0	0	0	0	0	0	0	0	0	
94472	Parietal_Sup_R	0	0	0	0	0	0	0	0	0	0	0	0	0	0	0	0	0	0	0	0	0	0	0	0	0	0	0	0	0	0	0	0	0	0	0	0	0	0	0	0	0	0	0	0	0	6390	0	0	0	8734	0	2216	0	0	0	0	0	2778	0	0	0	6894	0	112	0	7486	1462	10194	0	270	0	0	0	0	0	0	0	0	0	0	0	0	0	0	0	498	0	0	0	202	0	0	0	0	0	0	0	0	0	0	0	0	0	0	0	0	0	0	0	0	0	0	0	0	0	0	
192912	Parietal_Inf_L	3694	970	0	0	0	0	0	0	0	0	0	0	0	0	0	0	450	0	0	960	0	0	0	0	0	0	0	0	1110	0	0	0	0	0	252	354	88	0	0	0	0	0	0	0	90	0	0	0	384	0	14396	0	152	200	0	202	20194	0	9452	0	0	0	13782	0	12790	0	2938	0	4092	314	0	0	0	0	0	0	0	0	102	0	546	0	0	0	6172	0	0	0	2772	0	0	0	0	0	0	0	0	0	0	0	0	0	0	0	0	0	0	0	0	0	0	0	0	0	0	0	
122108	Parietal_Inf_R	0	440	0	0	0	0	0	0	0	0	0	0	0	0	0	0	0	0	0	0	0	0	0	0	0	0	0	0	0	0	0	0	0	0	0	0	0	0	0	0	0	0	0	0	0	4306	0	0	0	7276	0	5368	0	0	0	112	0	2910	0	6894	0	0	0	9402	0	14496	0	3308	0	0	0	0	0	0	0	0	0	0	0	118	0	692	0	0	0	3728	0	0	0	2004	0	0	0	0	0	0	0	0	0	0	0	0	0	0	0	0	0	0	0	0	0	0	0	0	0	0	
122296	SupraMarginal_L	4162	0	204	0	0	0	0	0	0	0	1590	0	0	0	0	0	4796	0	188	0	0	0	0	0	0	0	0	0	2816	0	0	0	0	0	0	0	124	0	0	0	0	0	0	0	0	0	0	0	0	0	226	0	0	0	0	0	6492	0	0	0	13782	0	0	0	6540	0	0	0	0	0	0	0	248	0	0	0	0	0	196	0	6852	0	0	0	9756	0	0	0	3176	0	0	0	0	0	0	0	0	0	0	0	0	0	0	0	0	0	0	0	0	0	0	0	0	0	0	0	
92500	SupraMarginal_R	0	1474	0	0	0	0	0	136	0	0	0	0	0	0	0	0	0	1928	0	0	0	0	0	0	0	0	0	0	0	194	0	0	0	0	0	0	0	136	0	0	0	0	0	172	0	1204	0	0	0	1128	0	1398	0	84	0	518	0	9322	0	112	0	9402	0	0	0	3546	0	1946	0	0	0	0	0	0	0	0	0	0	0	144	0	4388	0	0	0	6008	0	0	0	3010	0	0	0	0	0	0	0	0	0	0	0	0	0	0	0	0	0	0	0	0	0	0	0	0	0	0	
98404	Angular_L	1024	0	0	0	0	0	0	0	0	0	122	0	0	0	0	0	302	0	0	0	0	0	0	0	0	0	0	0	344	0	0	0	0	0	0	0	0	0	0	0	0	0	188	0	144	0	0	0	128	0	15840	0	142	0	0	0	902	0	502	0	12790	0	6540	0	0	0	1280	0	366	0	0	0	0	0	0	0	0	0	0	0	1566	0	0	0	5860	0	0	0	1162	0	0	0	0	0	0	0	0	0	0	0	0	0	0	0	0	0	0	0	0	0	0	0	0	0	0	0	
131708	Angular_R	0	0	0	0	0	0	0	0	0	0	0	0	0	0	0	0	0	0	0	0	0	0	0	0	0	0	0	0	0	0	0	0	0	0	0	0	0	0	0	0	0	0	0	0	0	5480	0	0	0	10730	0	13960	0	0	0	128	0	660	0	7486	0	14496	0	3546	0	0	0	4052	0	0	0	0	0	0	0	0	0	0	0	0	0	1222	0	0	0	3506	0	0	0	588	0	0	0	0	0	0	0	0	0	0	0	0	0	0	0	0	0	0	0	0	0	0	0	0	0	0	
234520	Precuneus_L	2276	86	0	0	0	0	0	0	0	0	0	0	0	0	0	0	242	0	216	170	0	0	0	0	0	0	0	0	468	0	0	0	2912	498	5194	490	2556	0	2418	0	0	0	7340	388	10254	1634	2906	0	11668	332	19324	0	1860	0	576	0	4552	0	11928	1462	2938	0	0	0	1280	0	0	6346	8350	1526	0	0	0	0	0	0	0	0	0	0	188	0	0	0	3138	0	0	0	1096	0	0	0	0	0	0	0	648	0	0	0	0	0	0	0	0	0	0	0	0	0	0	0	0	0	0	0	
354152	Precuneus_R	2474	3358	476	0	0	0	0	0	0	0	0	0	0	0	0	0	0	360	564	3842	0	0	0	0	0	0	0	0	0	416	0	0	1234	8418	1312	9820	622	3290	312	1622	0	0	0	20654	550	19796	0	4620	198	14066	0	12920	0	3622	0	3808	0	9414	290	10194	0	3308	0	1946	0	4052	6346	0	874	11460	0	0	0	0	0	0	268	0	0	0	0	904	0	0	0	5746	0	0	0	1740	0	0	0	0	0	0	0	688	0	0	0	0	0	0	0	0	0	0	0	0	1492	0	0	0	0	0	
278656	Paracentral_Lobule_L	31978	8434	0	0	0	0	0	0	0	0	0	0	0	0	0	0	608	0	3684	13896	0	0	0	0	0	0	0	0	604	0	0	0	2168	5760	5268	4118	114	514	0	0	0	0	898	500	1202	0	0	0	2140	0	13386	0	1168	96	352	186	7554	1676	3406	0	4092	0	0	0	366	0	8350	874	0	8992	102	0	92	0	0	0	718	0	0	0	730	0	0	0	3848	0	0	0	1454	0	0	0	0	0	0	0	0	0	0	0	0	0	0	0	0	0	0	0	0	0	0	0	0	0	0	0	
209576	Paracentral_Lobule_R	12654	6072	0	0	0	0	0	0	0	0	0	0	0	0	0	0	0	0	2900	19324	0	0	0	0	0	0	0	0	0	0	0	0	1920	13566	2482	6170	0	0	0	0	0	0	0	3490	0	1690	0	0	0	142	320	398	0	636	0	594	216	8988	0	270	314	0	0	0	0	0	1526	11460	8992	0	0	0	0	0	0	0	0	0	0	0	0	0	0	0	0	458	0	0	0	206	0	0	0	0	0	0	0	0	0	0	0	0	0	0	0	0	0	0	0	0	0	0	0	0	0	0	
320744	Caudate_L	816	2492	11212	3266	154	446	2714	1244	0	0	6580	1046	10200	704	112	270	914	0	11106	3234	4732	7578	2490	960	658	0	3034	2972	15606	1320	13174	2886	456	894	0	0	654	250	0	0	0	0	0	0	0	0	0	0	0	0	0	0	0	0	112	84	380	0	0	0	0	0	0	0	0	0	0	0	102	0	0	13838	17792	1440	2480	682	6044	808	0	136	380	254	560	0	0	128	0	0	712	266	0	0	0	0	0	0	0	0	0	0	0	0	0	0	0	0	0	0	0	0	0	0	0	0	0	0	
511324	Caudate_R	1172	6922	4816	24710	140	8712	3036	690	0	480	2480	3214	3062	2624	0	5292	0	226	2604	25388	2860	6316	3396	13642	364	1918	1206	4604	3766	12592	6536	22888	482	2826	0	0	164	926	0	262	0	0	0	0	0	0	0	0	0	0	0	0	0	0	0	524	1096	672	0	0	0	0	0	0	0	0	0	0	0	0	13838	0	5140	28508	926	3524	1164	19542	0	0	0	0	0	162	0	0	0	0	0	250	0	0	0	0	0	0	0	0	0	0	0	0	0	0	0	0	0	0	0	0	0	0	0	0	0	0	
299440	Putamen_L	1912	1082	16386	516	1880	0	666	268	254	0	2024	272	1524	242	1106	0	594	0	23218	1016	1680	2670	3332	694	302	0	876	1410	20376	460	12318	1624	198	358	250	282	8510	252	878	190	798	0	94	0	0	0	0	98	0	0	102	0	102	0	2106	0	516	0	0	0	0	0	248	0	0	0	0	0	92	0	17792	5140	0	696	5694	334	1662	106	0	0	1358	0	280	0	250	0	0	0	2632	0	0	0	0	0	0	0	0	0	0	0	0	0	0	0	0	0	0	0	0	0	0	0	0	0	0	0	
370960	Putamen_R	0	3724	1654	25028	0	5480	402	2070	0	1012	106	5850	250	2158	0	5002	0	2720	1058	23818	208	1330	1150	6788	0	540	88	946	260	25866	948	9774	108	1668	0	0	0	6796	0	2270	0	804	0	0	0	0	0	0	0	0	0	0	0	0	0	4164	0	2084	0	0	0	0	0	0	0	0	0	0	0	0	1440	28508	696	0	0	4728	0	2128	0	0	0	188	0	596	0	0	0	0	0	1072	0	0	0	0	0	0	0	0	0	0	0	0	0	0	0	0	0	0	0	0	0	0	0	0	0	0	
36392	Pallidum_L	106	230	664	104	0	0	0	0	0	0	0	0	0	0	0	0	0	0	5640	104	0	0	0	0	0	0	0	0	0	0	0	0	0	0	0	0	346	0	0	0	0	0	0	0	0	0	0	0	0	0	0	0	0	0	0	0	0	0	0	0	0	0	0	0	0	0	0	0	0	0	2480	926	5694	0	0	0	1592	310	0	0	0	0	0	0	0	0	0	0	0	0	0	0	0	0	0	0	0	0	0	0	0	0	0	0	0	0	0	0	0	0	0	0	0	0	0	0	
35980	Pallidum_R	0	0	0	1936	0	228	0	0	0	0	0	0	0	0	0	106	0	0	0	3546	0	158	242	556	0	0	0	0	0	358	144	852	0	0	0	0	0	296	0	108	0	0	0	0	0	0	0	0	0	0	0	0	0	0	0	192	0	0	0	0	0	0	0	0	0	0	0	0	0	0	682	3524	334	4728	0	0	0	0	0	0	0	0	0	0	0	0	0	0	0	0	0	0	0	0	0	0	0	0	0	0	0	0	0	0	0	0	0	0	0	0	0	0	0	0	0	0	
85464	Thalamus_L	2622	2638	1198	390	0	0	456	0	0	0	164	0	0	0	0	0	0	0	2828	704	0	0	0	0	0	0	0	0	988	0	0	0	0	0	852	2882	4022	3798	0	2130	0	0	0	0	0	0	0	794	0	0	0	0	0	0	0	406	602	0	0	0	0	0	0	0	0	0	0	268	718	0	6044	1164	1662	0	1592	0	0	2680	178	0	100	0	0	0	112	0	0	0	452	0	0	0	0	0	0	0	0	288	0	0	0	0	0	0	0	0	0	0	0	0	0	0	0	0	0	0	
113536	Thalamus_R	394	8924	406	5810	0	416	488	90	0	0	102	112	92	0	0	0	0	114	0	4244	0	0	0	456	0	0	0	0	268	830	0	440	0	0	0	456	84	4166	0	1326	0	154	0	0	0	0	0	276	0	0	0	0	0	0	0	764	372	210	0	0	0	0	0	0	0	0	0	0	0	0	808	19542	106	2128	310	0	2680	0	0	0	0	0	0	0	0	0	0	0	0	0	0	0	0	0	0	0	0	200	0	0	0	0	0	0	0	0	0	0	0	0	0	0	0	0	0	0	
60920	Heschl_L	1764	0	396	0	0	0	300	0	0	0	1164	0	0	0	0	0	3404	0	366	0	0	0	0	0	0	0	0	0	5732	0	0	0	0	0	358	356	1718	300	0	208	0	0	0	0	0	0	0	118	0	0	114	0	680	0	762	0	1582	0	0	0	102	0	196	0	0	0	0	0	0	0	0	0	0	0	0	0	178	0	0	0	4382	0	0	0	4024	0	0	0	2256	0	0	0	0	0	0	0	0	0	0	0	0	0	0	0	0	0	0	0	0	0	0	0	0	0	0	0	
12788	Heschl_R	0	618	0	0	0	0	0	0	0	0	0	0	0	0	0	0	0	1184	0	0	0	0	0	0	0	0	0	0	0	1334	0	0	0	0	0	0	0	90	0	0	0	0	0	0	0	0	0	0	0	0	0	0	0	0	0	0	0	252	0	0	0	118	0	144	0	0	0	0	0	0	136	0	0	0	0	0	0	0	0	0	0	2310	0	0	0	208	0	0	0	0	0	0	0	0	0	0	0	0	0	0	0	0	0	0	0	0	0	0	0	0	0	0	0	0	0	0	
240584	Temporal_Sup_L	5140	0	3438	0	0	0	2494	0	0	0	3920	0	214	0	0	0	17278	0	2368	0	0	0	0	0	0	0	0	0	20444	0	0	0	0	0	296	0	2042	0	100	0	88	0	346	0	318	0	0	0	0	0	732	0	1444	0	1192	0	3944	0	0	0	546	0	6852	0	1566	0	188	0	730	0	380	0	1358	0	0	0	100	0	4382	0	0	0	5128	0	23448	0	0	0	9816	0	0	0	0	0	0	0	0	0	0	0	0	0	0	0	0	0	0	0	0	0	0	0	0	0	0	0	
71932	Temporal_Sup_R	0	1674	0	844	0	0	0	398	0	0	0	168	0	0	0	0	0	5042	0	576	0	0	0	0	0	0	0	0	0	2898	0	0	0	0	0	0	0	548	0	204	0	0	0	156	0	258	0	0	0	330	0	752	0	0	0	500	0	1866	0	0	0	692	0	4388	0	1222	0	904	0	0	254	0	0	188	0	0	0	0	0	2310	0	0	0	790	0	7848	0	100	0	1056	0	0	0	0	0	0	0	0	0	0	0	0	0	0	0	0	0	0	0	0	0	0	0	0	0	0	
104612	Temporal_Pole_Sup_L	0	0	1768	0	206	0	348	0	0	0	3426	0	1198	0	2076	0	1736	0	0	0	366	0	124	0	0	0	0	0	5806	0	166	0	0	0	0	0	576	0	580	0	726	0	0	0	0	0	0	0	0	0	0	0	0	0	2908	0	0	0	0	0	0	0	0	0	0	0	0	0	0	0	560	0	280	0	0	0	0	0	0	0	5128	0	0	0	10960	0	5586	0	7782	0	0	0	0	0	0	0	0	0	0	0	0	0	0	0	0	0	0	0	0	0	0	0	0	0	0	0	
54856	Temporal_Pole_Sup_R	0	0	0	602	0	108	0	0	0	0	0	680	0	98	0	1098	0	314	0	454	0	0	0	0	0	0	0	0	0	1562	0	0	0	306	0	0	0	1050	0	1162	0	1756	0	0	0	0	0	0	0	0	0	0	0	0	0	5008	0	0	0	0	0	0	0	0	0	0	0	0	0	0	0	162	0	596	0	0	0	0	0	0	0	790	0	0	0	3042	0	4244	0	4396	0	0	0	0	0	0	0	0	0	0	0	0	0	0	0	0	0	0	0	0	0	0	0	0	0	0	
328796	Temporal_Mid_L	6324	0	130	0	0	0	0	0	0	0	292	0	0	0	0	0	5032	0	206	0	0	0	0	0	0	0	0	0	8114	0	0	0	348	0	606	0	2354	0	0	0	178	0	3174	0	2344	0	94	0	1240	0	16936	0	3880	0	2582	0	1356	0	114	0	6172	0	9756	0	5860	0	3138	0	3848	0	0	0	250	0	0	0	112	0	4024	0	23448	0	10960	0	0	0	5502	0	36024	0	0	0	0	0	0	0	0	0	0	0	0	0	0	0	0	0	0	0	0	0	0	0	0	0	0	0	
186764	Temporal_Mid_R	384	2858	226	0	0	0	0	0	0	0	0	0	0	0	0	134	0	102	226	552	0	0	0	0	0	0	0	0	0	526	0	0	0	396	0	0	0	1440	0	0	0	0	0	5460	0	1618	0	444	0	2832	0	12644	0	4748	0	3400	0	1920	0	498	0	3728	0	6008	0	3506	0	5746	0	458	128	0	0	0	0	0	0	0	0	208	0	7848	0	3042	0	0	0	1948	0	20354	0	0	0	0	0	0	0	0	0	0	0	0	0	0	0	0	0	0	0	0	0	0	0	0	0	0	
36352	Temporal_Pole_Mid_L	0	0	0	0	0	0	0	0	0	0	0	0	0	0	0	0	0	0	0	0	0	0	0	0	0	0	0	0	0	0	0	0	0	0	0	0	0	0	222	0	104	0	0	0	0	0	0	0	0	0	0	0	0	0	1804	0	0	0	0	0	0	0	0	0	0	0	0	0	0	0	0	0	0	0	0	0	0	0	0	0	0	0	5586	0	5502	0	0	0	4958	0	0	0	0	0	0	0	0	0	0	0	0	0	0	0	0	0	0	0	0	0	0	0	0	0	0	0	
22896	Temporal_Pole_Mid_R	0	0	0	0	0	0	0	0	0	0	0	0	0	0	0	0	0	0	0	0	0	0	0	0	0	0	0	0	0	0	0	0	0	0	0	0	0	0	0	744	0	190	0	0	0	0	0	0	0	0	0	0	0	0	0	2092	0	0	0	0	0	0	0	0	0	0	0	0	0	0	0	0	0	0	0	0	0	0	0	0	0	100	0	4244	0	1948	0	0	0	2130	0	0	0	0	0	0	0	0	0	0	0	0	0	0	0	0	0	0	0	0	0	0	0	0	0	0	
284116	Temporal_Inf_L	3734	0	790	0	0	0	0	0	0	0	308	0	0	0	0	0	1832	0	1412	0	0	0	0	0	0	0	0	0	9536	0	0	0	0	0	346	0	11924	0	1134	0	2360	0	1880	0	842	0	206	0	202	0	5944	0	5536	0	15508	0	1284	0	0	0	2772	0	3176	0	1162	0	1096	0	1454	0	712	0	2632	0	0	0	452	0	2256	0	9816	0	7782	0	36024	0	4958	0	0	0	1250	0	340	0	0	0	136	0	354	0	462	0	446	0	0	0	0	0	0	0	0	0	0	0	0	0	
159104	Temporal_Inf_R	118	3116	286	142	0	0	0	0	0	0	0	0	0	0	0	462	0	0	284	628	0	0	0	0	0	0	0	0	0	1244	0	0	0	108	0	270	0	5600	0	638	0	874	0	958	0	1040	0	154	0	2034	0	3402	0	4816	0	13350	0	1360	0	202	0	2004	0	3010	0	588	0	1740	0	206	266	250	0	1072	0	0	0	0	0	0	0	1056	0	4396	0	20354	0	2130	0	0	0	678	0	250	0	0	0	0	0	0	0	222	0	244	0	0	0	0	0	0	0	0	0	0	0	0	
385320	Cerebelum_Crus1_L	0	0	0	0	0	0	0	0	0	0	0	0	0	0	0	0	0	0	0	0	0	0	0	0	0	0	0	0	0	0	0	0	0	0	0	0	0	0	216	0	0	0	260	0	0	0	7634	1924	0	0	0	0	0	0	18218	754	0	0	0	0	0	0	0	0	0	0	0	0	0	0	0	0	0	0	0	0	0	0	0	0	0	0	0	0	0	0	0	0	1250	0	0	4634	27356	1534	544	102	21912	1062	47994	4684	13218	0	15132	310	2700	334	0	0	106	340	7662	5406	6050	640	546	138	
344276	Cerebelum_Crus1_R	0	0	0	0	0	0	0	0	0	0	0	0	0	0	0	0	0	0	0	0	0	0	0	0	0	0	0	0	0	0	0	0	0	0	0	0	0	0	0	0	0	0	0	0	0	0	1136	1788	0	0	0	0	0	0	634	7790	0	0	0	0	0	0	0	0	0	0	0	0	0	0	0	0	0	0	0	0	0	0	0	0	0	0	0	0	0	0	0	0	0	678	4634	0	1960	27984	0	2976	2060	15558	5000	44116	218	9608	326	18376	838	1834	0	454	134	1142	6090	7098	7344	1190	1172	0	
232232	Cerebelum_Crus2_L	0	0	0	0	0	0	0	0	0	0	0	0	0	0	0	0	0	0	0	0	0	0	0	0	0	0	0	0	0	0	0	0	0	0	0	0	0	0	0	0	0	0	0	0	0	0	370	0	0	0	0	0	0	0	1196	0	0	0	0	0	0	0	0	0	0	0	0	0	0	0	0	0	0	0	0	0	0	0	0	0	0	0	0	0	0	0	0	0	340	0	27356	1960	0	11020	0	0	1390	0	5354	312	23254	4402	17214	4318	1312	466	0	0	0	0	142	448	10700	3988	574	0	
270920	Cerebelum_Crus2_R	0	0	0	0	0	0	0	0	0	0	0	0	0	0	0	0	0	0	0	0	0	0	0	0	0	0	0	0	0	0	0	0	0	0	0	0	0	0	0	0	0	0	0	0	0	0	0	124	0	0	0	0	0	0	0	250	0	0	0	0	0	0	0	0	0	0	0	0	0	0	0	0	0	0	0	0	0	0	0	0	0	0	0	0	0	0	0	0	0	250	1534	27984	11020	0	0	314	0	1290	642	5292	6092	23536	3580	30628	0	3054	0	450	0	0	120	1278	11634	4758	1630	0	
11860	Cerebelum_3_L	0	0	0	0	0	0	0	0	0	0	0	0	0	0	0	0	0	0	0	0	0	0	0	0	0	0	0	0	0	0	0	0	0	0	0	0	0	0	92	0	0	0	0	0	0	0	0	0	0	0	0	0	0	0	170	0	0	0	0	0	0	0	0	0	0	0	0	0	0	0	0	0	0	0	0	0	0	0	0	0	0	0	0	0	0	0	0	0	0	0	544	0	0	0	0	0	2694	0	1160	0	0	0	0	0	224	0	0	0	184	448	312	102	0	0	0	0	
40584	Cerebelum_3_R	0	0	0	0	0	0	0	0	0	0	0	0	0	0	0	0	0	0	0	0	0	0	0	0	0	0	0	0	0	0	0	0	0	0	0	0	0	0	0	0	0	0	0	0	0	0	0	118	0	0	0	0	0	0	0	0	0	0	0	0	0	0	0	0	0	0	0	0	0	0	0	0	0	0	0	0	0	0	0	0	0	0	0	0	0	0	0	0	0	0	102	2976	0	314	0	0	360	4126	0	4726	0	0	0	354	134	860	0	0	800	2116	644	818	412	554	742	136	
291560	Cerebelum_4_5_L	0	0	0	0	0	0	0	0	0	0	0	0	0	0	0	0	0	0	0	0	0	0	0	0	0	0	0	0	0	0	0	0	0	0	0	0	420	0	538	0	0	0	468	0	0	0	12396	1388	0	0	0	0	200	0	10824	732	0	0	0	0	0	0	0	0	0	0	648	0	0	0	0	0	0	0	0	0	0	0	0	0	0	0	0	0	0	0	0	0	136	0	21912	2060	1390	0	2694	360	0	3474	35706	4784	3488	0	5566	150	5048	1442	408	0	350	916	17018	7400	488	558	1516	1302	
167132	Cerebelum_4_5_R	0	0	0	0	0	0	0	0	0	0	0	0	0	0	0	0	0	0	0	0	0	0	0	0	0	0	0	0	0	0	0	0	0	0	0	334	0	894	0	1442	0	0	0	94	0	0	866	4426	0	0	0	0	0	0	222	4094	0	0	0	0	0	0	0	0	0	0	0	688	0	0	0	0	0	0	0	0	288	200	0	0	0	0	0	0	0	0	0	0	0	0	1062	15558	0	1290	0	4126	3474	0	1786	25138	176	440	406	1726	260	354	0	0	0	1436	11844	942	0	0	0	0	
401952	Cerebelum_6_L	0	0	0	0	0	0	0	0	0	0	0	0	0	0	0	0	0	0	0	0	0	0	0	0	0	0	0	0	0	0	0	0	0	0	0	0	0	0	276	0	0	0	404	0	0	0	16312	3620	0	0	0	0	446	0	25490	1374	0	0	0	0	0	0	0	0	0	0	0	0	0	0	0	0	0	0	0	0	0	0	0	0	0	0	0	0	0	0	0	0	354	0	47994	5000	5354	642	1160	0	35706	1786	0	7328	6232	0	7580	0	3738	242	148	0	94	448	12438	11176	4968	184	326	156	
316444	Cerebelum_6_R	0	0	0	0	0	0	0	0	0	0	0	0	0	0	0	0	0	0	0	0	0	0	0	0	0	0	0	0	0	0	0	0	0	0	0	0	0	0	0	0	0	0	0	0	0	0	1454	5950	0	0	0	0	0	0	1218	10934	0	0	0	0	0	0	0	0	0	0	0	0	0	0	0	0	0	0	0	0	0	0	0	0	0	0	0	0	0	0	0	0	0	0	4684	44116	312	5292	0	4726	4784	25138	7328	0	298	1752	452	5996	1734	922	0	632	144	1638	12600	11384	4108	278	348	0	
201068	Cerebelum_7b_L	0	0	0	0	0	0	0	0	0	0	0	0	0	0	0	0	0	0	0	0	0	0	0	0	0	0	0	0	0	0	0	0	0	0	0	0	0	0	0	0	0	0	0	0	0	0	306	0	0	0	0	0	0	0	1180	0	0	0	0	0	0	0	0	0	0	0	0	0	0	0	0	0	0	0	0	0	0	0	0	0	0	0	0	0	0	0	0	0	462	0	13218	218	23254	6092	0	0	3488	176	6232	298	0	4772	22826	4798	618	248	218	0	0	88	986	190	5690	5050	126	0	
169692	Cerebelum_7b_R	0	0	0	0	0	0	0	0	0	0	0	0	0	0	0	0	0	0	0	0	0	0	0	0	0	0	0	0	0	0	0	0	0	0	0	0	0	0	0	0	0	0	0	0	0	0	0	0	0	0	0	0	0	0	0	0	0	0	0	0	0	0	0	0	0	0	0	0	0	0	0	0	0	0	0	0	0	0	0	0	0	0	0	0	0	0	0	0	0	222	0	9608	4402	23536	0	0	0	440	0	1752	4772	0	4062	25406	0	2930	0	0	0	0	0	0	2948	4670	98	0	
214672	Cerebelum_8_L	0	0	0	0	0	0	0	0	0	0	0	0	0	0	0	0	0	0	0	0	0	0	0	0	0	0	0	0	0	0	0	0	0	0	0	0	0	0	0	0	0	0	0	0	0	0	290	0	0	0	0	0	0	0	1136	0	0	0	0	0	0	0	0	0	0	0	0	0	0	0	0	0	0	0	0	0	0	0	0	0	0	0	0	0	0	0	0	0	446	0	15132	326	17214	3580	0	0	5566	406	7580	452	22826	4062	0	6076	5696	1138	386	0	0	280	2014	196	3898	7112	1432	92	
242232	Cerebelum_8_R	0	0	0	0	0	0	0	0	0	0	0	0	0	0	0	0	0	0	0	0	0	0	0	0	0	0	0	0	0	0	0	0	0	0	0	0	0	0	0	0	0	0	0	0	0	0	0	0	0	0	0	0	0	0	0	150	0	0	0	0	0	0	0	0	0	0	0	0	0	0	0	0	0	0	0	0	0	0	0	0	0	0	0	0	0	0	0	0	0	244	310	18376	4318	30628	0	354	150	1726	0	5996	4798	25406	6076	0	176	8452	0	288	0	126	472	212	4566	6796	1496	0	
69688	Cerebelum_9_L	0	0	0	0	0	0	0	0	0	0	0	0	0	0	0	0	0	0	0	0	0	0	0	0	0	0	0	0	0	0	0	0	0	0	0	0	0	0	0	0	0	0	0	0	0	0	116	418	0	0	0	0	0	0	0	456	0	0	0	0	0	0	0	0	0	0	0	0	0	0	0	0	0	0	0	0	0	0	0	0	0	0	0	0	0	0	0	0	0	0	2700	838	1312	0	224	134	5048	260	3738	1734	618	0	5696	176	0	864	1700	0	98	0	1916	3998	698	544	1208	350	
92720	Cerebelum_9_R	0	0	0	0	0	0	0	0	0	0	0	0	0	0	0	0	0	0	0	0	0	0	0	0	0	0	0	0	0	0	0	0	0	0	0	0	0	0	0	0	0	0	0	0	0	0	0	0	0	0	0	0	0	0	0	0	0	0	0	0	0	0	0	0	0	0	0	0	0	0	0	0	0	0	0	0	0	0	0	0	0	0	0	0	0	0	0	0	0	0	334	1834	466	3054	0	860	1442	354	242	922	248	2930	1138	8452	864	0	0	3276	518	458	1890	3080	2932	4076	5508	1482	
5720	Cerebelum_10_L	0	0	0	0	0	0	0	0	0	0	0	0	0	0	0	0	0	0	0	0	0	0	0	0	0	0	0	0	0	0	0	0	0	0	0	0	0	0	0	0	0	0	0	0	0	0	0	0	0	0	0	0	0	0	0	0	0	0	0	0	0	0	0	0	0	0	0	0	0	0	0	0	0	0	0	0	0	0	0	0	0	0	0	0	0	0	0	0	0	0	0	0	0	0	0	0	408	0	148	0	218	0	386	0	1700	0	0	0	0	0	0	0	0	0	0	0	
13580	Cerebelum_10_R	0	0	0	0	0	0	0	0	0	0	0	0	0	0	0	0	0	0	0	0	0	0	0	0	0	0	0	0	0	0	0	0	0	0	0	0	0	0	0	0	0	0	0	0	0	0	0	0	0	0	0	0	0	0	0	0	0	0	0	0	0	0	0	0	0	0	0	0	0	0	0	0	0	0	0	0	0	0	0	0	0	0	0	0	0	0	0	0	0	0	0	454	0	450	0	0	0	0	0	632	0	0	0	288	0	3276	0	0	0	0	0	0	530	564	596	0	
13752	Vermis_1_2	0	0	0	0	0	0	0	0	0	0	0	0	0	0	0	0	0	0	0	0	0	0	0	0	0	0	0	0	0	0	0	0	0	0	0	0	0	0	138	0	0	0	0	0	0	0	0	0	0	0	0	0	0	0	0	0	0	0	0	0	0	0	0	0	0	0	0	0	0	0	0	0	0	0	0	0	0	0	0	0	0	0	0	0	0	0	0	0	0	0	106	134	0	0	184	800	350	0	94	144	0	0	0	0	98	518	0	0	0	2556	406	408	150	266	410	114	
28956	Vermis_3	0	0	0	0	0	0	0	0	0	0	0	0	0	0	0	0	0	0	0	0	0	0	0	0	0	0	0	0	0	0	0	0	0	0	0	0	0	0	206	0	0	0	0	0	0	0	0	0	0	0	0	0	0	0	0	0	0	0	0	0	0	0	0	0	0	0	0	0	0	0	0	0	0	0	0	0	0	0	0	0	0	0	0	0	0	0	0	0	0	0	340	1142	0	0	448	2116	916	1436	448	1638	88	0	280	126	0	458	0	0	2556	0	1342	398	0	136	304	100	
215244	Vermis_4_5	0	0	0	0	0	0	0	0	0	0	0	0	0	0	0	0	0	0	0	0	0	0	0	0	0	0	0	0	0	0	0	0	0	0	0	792	0	538	0	382	0	0	442	184	0	104	4752	4164	0	0	0	0	98	0	2414	2280	0	0	0	0	0	0	0	0	0	0	0	1492	0	0	0	0	0	0	0	0	0	0	0	0	0	0	0	0	0	0	0	0	0	0	7662	6090	142	120	312	644	17018	11844	12438	12600	986	0	2014	472	1916	1890	0	0	406	1342	0	8228	0	390	1716	1750	
174564	Vermis_6	0	0	0	0	0	0	0	0	0	0	0	0	0	0	0	0	0	0	0	0	0	0	0	0	0	0	0	0	0	0	0	0	0	0	0	0	0	0	0	0	0	0	98	0	0	0	3322	4708	0	0	0	0	88	0	2400	2432	0	0	0	0	0	0	0	0	0	0	0	0	0	0	0	0	0	0	0	0	0	0	0	0	0	0	0	0	0	0	0	0	0	0	5406	7098	448	1278	102	818	7400	942	11176	11384	190	0	196	212	3998	3080	0	0	408	398	8228	0	4788	1706	3236	1742	
169500	Vermis_7	0	0	0	0	0	0	0	0	0	0	0	0	0	0	0	0	0	0	0	0	0	0	0	0	0	0	0	0	0	0	0	0	0	0	0	0	0	0	0	0	0	0	0	0	0	0	1088	1214	0	0	0	0	0	0	816	834	0	0	0	0	0	0	0	0	0	0	0	0	0	0	0	0	0	0	0	0	0	0	0	0	0	0	0	0	0	0	0	0	0	0	6050	7344	10700	11634	0	412	488	0	4968	4108	5690	2948	3898	4566	698	2932	0	530	150	0	0	4788	0	5818	3076	0	
108416	Vermis_8	0	0	0	0	0	0	0	0	0	0	0	0	0	0	0	0	0	0	0	0	0	0	0	0	0	0	0	0	0	0	0	0	0	0	0	0	0	0	0	0	0	0	0	0	0	0	0	0	0	0	0	0	0	0	0	0	0	0	0	0	0	0	0	0	0	0	0	0	0	0	0	0	0	0	0	0	0	0	0	0	0	0	0	0	0	0	0	0	0	0	640	1190	3988	4758	0	554	558	0	184	278	5050	4670	7112	6796	544	4076	0	564	266	136	390	1706	5818	0	4576	354	
63976	Vermis_9	0	0	0	0	0	0	0	0	0	0	0	0	0	0	0	0	0	0	0	0	0	0	0	0	0	0	0	0	0	0	0	0	0	0	0	0	0	0	0	0	0	0	0	0	0	0	0	0	0	0	0	0	0	0	0	0	0	0	0	0	0	0	0	0	0	0	0	0	0	0	0	0	0	0	0	0	0	0	0	0	0	0	0	0	0	0	0	0	0	0	546	1172	574	1630	0	742	1516	0	326	348	126	98	1432	1496	1208	5508	0	596	410	304	1716	3236	3076	4576	0	1352	
18136	Vermis_10	0	0	0	0	0	0	0	0	0	0	0	0	0	0	0	0	0	0	0	0	0	0	0	0	0	0	0	0	0	0	0	0	0	0	0	0	0	0	0	0	0	0	0	0	0	0	0	0	0	0	0	0	0	0	0	0	0	0	0	0	0	0	0	0	0	0	0	0	0	0	0	0	0	0	0	0	0	0	0	0	0	0	0	0	0	0	0	0	0	0	138	0	0	0	0	136	1302	0	156	0	0	0	92	0	350	1482	0	0	114	100	1750	1742	0	354	1352	0	
