data	data	357272	148896	921836	593256	189064	118848	513496	130016	63948	28464	216672	129172	231820	91448	190244	117684	184432	95052	828756	716584	105552	98596	262412	297840	21536	70100	55020	86328	588992	270536	185116	331932	118600	624320	117176	196508	262980	299032	76156	125092	36008	31828	216728	292528	198368	366628	245724	217864	239232	332820	469788	273316	174784	76780	386320	348168	308944	171552	189828	82832	216156	64924	99684	63656	130524	110384	344356	452276	133576	195152	215544	265168	259220	333956	30140	20212	98568	114340	70792	17768	189200	108060	84444	30756	288104	227400	27672	11544	194668	213112	445240	401140	278004	224676	32476	47024	287260	217964	439628	398896	259504	166128	297896	286272	168728	131496	28228	7656	12284	31948	211056	171348	113652	89944	60840	16340	
data	data	Precentral_L	Precentral_R	Frontal_Sup_L	Frontal_Sup_R	Frontal_Sup_Orb_L	Frontal_Sup_Orb_R	Frontal_Mid_L	Frontal_Mid_R	Frontal_Mid_Orb_L	Frontal_Mid_Orb_R	Frontal_Inf_Oper_L	Frontal_Inf_Oper_R	Frontal_Inf_Tri_L	Frontal_Inf_Tri_R	Frontal_Inf_Orb_L	Frontal_Inf_Orb_R	Rolandic_Oper_L	Rolandic_Oper_R	Supp_Motor_Area_L	Supp_Motor_Area_R	Olfactory_L	Olfactory_R	Frontal_Sup_Medial_L	Frontal_Sup_Medial_R	Frontal_Med_Orb_L	Frontal_Med_Orb_R	Rectus_L	Rectus_R	Insula_L	Insula_R	Cingulum_Ant_L	Cingulum_Ant_R	Cingulum_Mid_L	Cingulum_Mid_R	Cingulum_Post_L	Cingulum_Post_R	Hippocampus_L	Hippocampus_R	ParaHippocampal_L	ParaHippocampal_R	Amygdala_L	Amygdala_R	Calcarine_L	Calcarine_R	Cuneus_L	Cuneus_R	Lingual_L	Lingual_R	Occipital_Sup_L	Occipital_Sup_R	Occipital_Mid_L	Occipital_Mid_R	Occipital_Inf_L	Occipital_Inf_R	Fusiform_L	Fusiform_R	Postcentral_L	Postcentral_R	Parietal_Sup_L	Parietal_Sup_R	Parietal_Inf_L	Parietal_Inf_R	SupraMarginal_L	SupraMarginal_R	Angular_L	Angular_R	Precuneus_L	Precuneus_R	Paracentral_Lobule_L	Paracentral_Lobule_R	Caudate_L	Caudate_R	Putamen_L	Putamen_R	Pallidum_L	Pallidum_R	Thalamus_L	Thalamus_R	Heschl_L	Heschl_R	Temporal_Sup_L	Temporal_Sup_R	Temporal_Pole_Sup_L	Temporal_Pole_Sup_R	Temporal_Mid_L	Temporal_Mid_R	Temporal_Pole_Mid_L	Temporal_Pole_Mid_R	Temporal_Inf_L	Temporal_Inf_R	Cerebelum_Crus1_L	Cerebelum_Crus1_R	Cerebelum_Crus2_L	Cerebelum_Crus2_R	Cerebelum_3_L	Cerebelum_3_R	Cerebelum_4_5_L	Cerebelum_4_5_R	Cerebelum_6_L	Cerebelum_6_R	Cerebelum_7b_L	Cerebelum_7b_R	Cerebelum_8_L	Cerebelum_8_R	Cerebelum_9_L	Cerebelum_9_R	Cerebelum_10_L	Cerebelum_10_R	Vermis_1_2	Vermis_3	Vermis_4_5	Vermis_6	Vermis_7	Vermis_8	Vermis_9	Vermis_10	
357272	Precentral_L	0	2592	6598	104	0	0	20902	0	0	0	12902	0	1672	0	0	0	12764	0	1796	2830	0	0	368	0	0	0	0	0	12560	0	120	0	1798	2332	2938	2112	5972	1010	566	0	0	0	0	0	0	0	0	0	224	0	3098	0	1174	0	1124	0	33956	0	1088	0	9118	0	2160	0	1096	0	1088	156	10970	0	1566	0	2412	0	908	0	4396	498	4166	0	4886	0	300	0	1478	0	0	0	838	0	0	0	0	0	0	0	0	0	0	0	0	0	0	0	0	0	0	0	0	0	0	0	0	0	0	0	
148896	Precentral_R	2592	0	310	2758	0	0	288	6956	0	0	0	2342	0	0	0	0	0	1220	654	3998	0	0	0	0	0	0	0	0	0	1052	0	0	212	2142	1354	3900	484	7482	0	324	0	0	0	256	0	568	0	0	0	550	0	152	0	300	0	544	0	12082	0	266	0	142	0	1128	0	122	180	1296	1524	5528	148	1848	0	2196	0	0	850	5620	0	0	0	122	0	0	0	574	0	0	0	384	0	0	0	0	0	0	0	0	0	0	0	0	0	0	0	0	0	0	0	0	0	0	0	0	0	0	
921836	Frontal_Sup_L	6598	310	0	13342	13034	0	68222	436	1980	0	10024	172	15840	112	9198	514	2906	0	100674	25644	0	0	34280	7306	1002	182	0	0	40328	346	12368	4862	3144	9280	294	704	9558	396	1218	110	0	0	0	0	0	0	0	0	0	0	0	0	0	0	1794	0	3628	0	0	0	148	0	3200	0	262	0	0	368	2060	402	11990	2304	22532	520	4208	0	7194	172	272	0	3102	0	2146	0	0	0	0	0	232	0	0	0	0	0	0	0	0	0	0	0	0	0	0	0	0	0	0	0	0	0	0	0	0	0	0	0	
593256	Frontal_Sup_R	104	2758	13342	0	0	4122	726	13896	0	164	0	11902	0	3254	0	5880	0	4502	17810	44240	0	0	6392	29554	0	2540	0	282	0	12638	2838	27766	438	25808	122	132	0	6652	0	3476	0	0	0	0	0	0	0	0	0	0	0	0	0	0	0	1482	0	0	0	0	0	0	0	0	0	0	0	0	0	0	5024	15492	188	24472	0	1946	434	5448	0	0	0	0	0	274	0	106	0	0	0	424	0	0	0	0	0	0	0	0	0	0	0	0	0	0	0	0	0	0	0	0	0	0	0	0	0	0	
189064	Frontal_Sup_Orb_L	0	0	13034	0	0	548	4992	0	12566	0	0	0	1976	0	14866	120	0	0	2252	0	3786	1822	3488	114	2842	0	5862	596	12104	0	2322	196	0	0	0	0	0	0	0	0	402	0	0	0	0	0	0	0	0	0	0	0	0	0	0	0	0	0	0	0	0	0	0	0	0	0	0	0	0	0	2734	968	6212	0	0	0	0	0	0	0	0	0	730	0	0	0	0	0	0	0	0	0	0	0	0	0	0	0	0	0	0	0	0	0	0	0	0	0	0	0	0	0	0	0	0	0	
118848	Frontal_Sup_Orb_R	0	0	0	4122	548	0	0	164	0	3402	0	0	0	0	628	2918	0	0	0	0	2590	3662	860	4548	0	8866	536	10974	128	272	266	3534	0	140	0	0	0	0	0	0	0	0	0	0	0	0	0	0	0	0	0	0	0	0	0	0	0	0	0	0	0	0	0	0	0	0	0	0	0	0	2822	4122	1298	3024	0	0	0	0	0	0	0	0	0	0	0	0	0	0	0	0	0	0	0	0	0	0	0	0	0	0	0	0	0	0	0	0	0	0	0	0	0	0	0	0	0	0	
513496	Frontal_Mid_L	20902	288	68222	726	4992	0	0	0	2814	0	12044	0	28676	0	11482	114	4932	0	22262	1882	0	0	12968	1280	0	0	0	0	29202	0	1892	494	180	932	988	1298	8916	1024	668	0	0	0	0	0	0	0	0	0	0	0	186	0	0	0	2160	0	2372	0	0	0	696	0	0	0	0	0	0	214	0	0	1274	288	4188	0	0	0	1490	594	246	0	2658	0	1204	0	0	0	0	0	0	0	0	0	0	0	0	0	0	0	0	0	0	0	0	0	0	0	0	0	0	0	0	0	0	0	0	0	
130016	Frontal_Mid_R	0	6956	436	13896	0	164	0	0	0	2276	0	5338	0	8452	0	4094	0	0	1426	1846	0	0	128	1296	0	0	0	0	0	2480	254	1484	0	2830	130	0	0	2196	0	1454	0	0	0	0	148	0	0	0	0	0	0	0	0	0	0	0	0	0	0	0	0	0	0	0	0	0	122	0	0	0	280	1154	0	5578	0	0	0	590	0	0	0	0	0	0	0	0	0	0	0	0	0	0	0	0	0	0	0	0	0	0	0	0	0	0	0	0	0	0	0	0	0	0	0	0	0	0	
63948	Frontal_Mid_Orb_L	0	0	1980	0	12566	0	2814	0	0	0	0	0	754	0	9040	0	0	0	0	0	194	146	0	0	304	0	2074	0	916	0	182	0	0	0	0	0	0	0	0	0	0	0	0	0	0	0	0	0	0	0	0	0	0	0	0	0	0	0	0	0	0	0	0	0	0	0	0	0	0	0	202	0	802	0	0	0	0	0	0	0	0	0	0	0	0	0	0	0	0	0	0	0	0	0	0	0	0	0	0	0	0	0	0	0	0	0	0	0	0	0	0	0	0	0	0	0	
28464	Frontal_Mid_Orb_R	0	0	0	164	0	3402	0	2276	0	0	0	0	0	330	0	5304	0	0	0	0	0	110	0	0	0	302	0	1460	0	0	0	0	0	0	0	0	0	0	0	0	0	0	0	0	0	0	0	0	0	0	0	0	0	0	0	0	0	0	0	0	0	0	0	0	0	0	0	0	0	0	0	320	0	564	0	0	0	0	0	0	0	0	0	0	0	0	0	0	0	0	0	0	0	0	0	0	0	0	0	0	0	0	0	0	0	0	0	0	0	0	0	0	0	0	0	0	
216672	Frontal_Inf_Oper_L	12902	0	10024	0	0	0	12044	0	0	0	0	0	13992	0	182	0	10522	0	8538	104	0	0	0	0	0	0	0	0	19274	0	380	0	0	106	0	0	1808	0	0	0	0	0	0	0	0	0	0	0	102	0	290	0	0	0	832	0	6116	0	0	0	674	0	420	0	616	0	0	0	0	0	0	0	478	0	0	0	230	0	2208	0	2690	0	3068	0	402	0	0	0	334	0	0	0	0	0	0	0	0	0	0	0	0	0	0	0	0	0	0	0	0	0	0	0	0	0	0	0	
129172	Frontal_Inf_Oper_R	0	2342	172	11902	0	0	0	5338	0	0	0	0	0	4344	0	208	0	5676	2808	8300	0	0	0	0	0	0	0	0	0	14778	0	0	0	2694	0	0	0	562	0	206	0	0	0	0	0	0	0	0	0	0	0	0	0	0	0	0	0	1052	0	0	0	0	0	0	0	0	0	0	0	0	348	458	0	2746	0	0	0	222	0	148	0	0	0	282	0	0	0	0	0	0	0	0	0	0	0	0	0	0	0	0	0	0	0	0	0	0	0	0	0	0	0	0	0	0	0	0	
231820	Frontal_Inf_Tri_L	1672	0	15840	0	1976	0	28676	0	754	0	13992	0	0	0	16096	0	676	0	8510	0	0	0	522	118	0	0	0	0	20924	0	1486	164	0	0	0	0	732	0	0	0	0	0	0	0	0	0	0	0	0	0	0	0	0	0	404	0	0	0	0	0	0	0	0	0	0	0	0	0	0	0	462	0	1004	0	0	0	0	0	0	0	396	0	1506	0	0	0	0	0	0	0	0	0	0	0	0	0	0	0	0	0	0	0	0	0	0	0	0	0	0	0	0	0	0	0	0	0	
91448	Frontal_Inf_Tri_R	0	0	112	3254	0	0	0	8452	0	330	0	4344	0	0	0	2672	0	0	3096	4558	0	0	0	470	0	0	0	0	0	7564	0	948	0	5278	0	0	0	340	0	0	0	0	0	0	0	0	0	0	0	0	0	0	0	0	0	0	0	0	0	0	0	0	0	0	0	0	0	0	0	0	410	1394	0	2502	0	0	0	0	0	0	0	0	0	0	0	0	0	0	0	0	0	0	0	0	0	0	0	0	0	0	0	0	0	0	0	0	0	0	0	0	0	0	0	0	0	0	
190244	Frontal_Inf_Orb_L	0	0	9198	0	14866	628	11482	0	9040	0	182	0	16096	0	0	150	0	0	2352	0	3136	1842	398	0	0	0	1854	680	14342	0	468	160	0	0	0	0	0	0	0	0	102	0	0	0	0	0	0	0	0	0	0	0	0	0	0	0	0	0	0	0	0	0	0	0	0	0	0	0	0	0	2630	906	3338	0	0	0	0	0	0	0	0	0	1272	0	0	0	0	0	0	0	0	0	0	0	0	0	0	0	0	0	0	0	0	0	0	0	0	0	0	0	0	0	0	0	0	0	
117684	Frontal_Inf_Orb_R	0	0	514	5880	120	2918	114	4094	0	5304	0	208	0	2672	150	0	0	0	1106	3132	454	1342	832	3380	0	0	134	1740	148	5050	0	878	0	2412	0	0	0	0	0	0	0	154	0	0	0	0	0	0	0	0	0	0	0	0	0	0	0	0	0	0	0	0	0	0	0	0	0	0	0	0	1864	8110	384	5562	0	0	0	186	0	0	0	0	0	0	0	0	0	0	0	0	0	0	0	0	0	0	0	0	0	0	0	0	0	0	0	0	0	0	0	0	0	0	0	0	0	0	
184432	Rolandic_Oper_L	12764	0	2906	0	0	0	4932	0	0	0	10522	0	676	0	0	0	0	0	1616	0	0	0	0	0	0	0	0	0	15246	0	0	0	0	0	0	0	1098	0	0	0	0	0	0	0	0	0	0	0	174	0	2060	0	1024	0	302	0	11238	0	274	0	2436	0	2762	0	1142	0	644	0	0	0	0	0	152	0	0	0	0	0	5888	0	8662	0	1312	0	2896	0	0	0	1490	0	0	0	0	0	0	0	0	0	0	0	0	0	0	0	0	0	0	0	0	0	0	0	0	0	0	0	
95052	Rolandic_Oper_R	0	1220	0	4502	0	0	0	0	0	0	0	5676	0	0	0	0	0	0	0	390	0	0	0	0	0	0	0	0	0	10298	0	0	0	166	494	762	104	2630	0	102	0	0	0	0	0	208	0	0	0	404	0	1682	0	194	0	118	0	3776	0	156	0	494	0	2000	0	300	0	508	0	182	0	0	0	1880	0	0	0	638	0	2534	0	3768	0	316	0	1388	0	0	0	636	0	0	0	0	0	0	0	0	0	0	0	0	0	0	0	0	0	0	0	0	0	0	0	0	0	0	
828756	Supp_Motor_Area_L	1796	654	100674	17810	2252	0	22262	1426	0	0	8538	2808	8510	3096	2352	1106	1616	0	0	67982	0	0	6192	3352	0	0	0	0	24832	5178	9144	5110	10044	37408	636	2522	6674	1916	1070	766	0	0	124	0	550	0	0	0	0	0	0	0	0	0	1508	1086	0	0	0	0	0	0	0	0	0	0	436	420	6970	1616	11770	2418	16270	3928	1718	170	3156	0	176	0	1456	256	1752	0	0	0	0	0	198	674	0	0	0	0	0	0	0	0	0	0	0	0	0	0	0	0	0	0	0	0	0	0	0	0	0	0	
716584	Supp_Motor_Area_R	2830	3998	25644	44240	0	0	1882	1846	0	0	104	8300	0	4558	0	3132	0	390	67982	0	0	0	182	4232	0	0	0	0	602	11820	1594	5968	4930	59018	534	12768	544	5432	212	2096	0	0	0	450	156	760	0	0	0	748	0	328	0	144	0	2366	0	1188	0	0	0	0	0	0	0	0	150	2672	8038	11514	5832	16212	1570	15960	374	2798	1542	8878	0	0	0	306	0	0	0	216	0	0	0	1252	0	0	0	0	0	0	0	0	0	0	0	0	0	0	0	0	0	0	0	0	0	0	0	0	0	0	
105552	Olfactory_L	0	0	0	0	3786	2590	0	0	194	0	0	0	0	0	3136	454	0	0	0	0	0	8044	0	0	368	0	3410	3416	3926	0	2200	1980	0	0	0	0	650	0	150	0	1794	0	0	0	0	0	0	0	0	0	0	0	0	0	110	0	0	0	0	0	0	0	0	0	0	0	0	0	0	0	8812	3338	2964	378	0	0	0	0	0	0	0	0	1076	0	0	0	0	0	0	0	0	0	0	0	0	0	0	0	0	0	0	0	0	0	0	0	0	0	0	0	0	0	0	0	0	0	
98596	Olfactory_R	0	0	0	0	1822	3662	0	0	146	110	0	0	0	0	1842	1342	0	0	0	0	8044	0	0	0	0	0	2788	4950	546	1028	1624	1866	0	0	0	0	0	0	0	286	0	874	0	0	0	0	0	0	0	0	0	0	0	0	0	0	0	0	0	0	0	0	0	0	0	0	0	0	0	0	8830	5330	2934	1120	0	0	0	0	0	0	0	0	0	154	0	0	0	0	0	0	0	0	0	0	0	0	0	0	0	0	0	0	0	0	0	0	0	0	0	0	0	0	0	0	0	0	
262412	Frontal_Sup_Medial_L	368	0	34280	6392	3488	860	12968	128	0	0	0	0	522	0	398	832	0	0	6192	182	0	0	0	20578	2082	1330	292	190	2416	188	12086	14146	1596	6622	0	0	0	0	0	0	0	0	0	0	0	0	0	0	0	0	0	0	0	0	0	0	0	0	0	0	0	0	0	0	0	0	0	0	0	0	272	394	2044	360	0	0	0	0	0	0	0	0	0	0	0	0	0	0	0	0	0	0	0	0	0	0	0	0	0	0	0	0	0	0	0	0	0	0	0	0	0	0	0	0	0	0	
297840	Frontal_Sup_Medial_R	0	0	7306	29554	114	4548	1280	1296	0	0	0	0	118	470	0	3380	0	0	3352	4232	0	0	20578	0	0	5972	0	1098	350	1220	6550	30314	120	15994	0	0	0	0	0	0	0	0	0	0	0	0	0	0	0	0	0	0	0	0	0	0	0	0	0	0	0	0	0	0	0	0	0	0	0	0	222	5698	208	4946	0	0	0	0	0	0	0	0	0	0	0	0	0	0	0	0	0	0	0	0	0	0	0	0	0	0	0	0	0	0	0	0	0	0	0	0	0	0	0	0	0	0	
21536	Frontal_Med_Orb_L	0	0	1002	0	2842	0	0	0	304	0	0	0	0	0	0	0	0	0	0	0	368	0	2082	0	0	388	1362	0	0	0	1768	0	0	0	0	0	0	0	0	0	0	0	0	0	0	0	0	0	0	0	0	0	0	0	0	0	0	0	0	0	0	0	0	0	0	0	0	0	0	0	356	0	296	0	0	0	0	0	0	0	0	0	0	0	0	0	0	0	0	0	0	0	0	0	0	0	0	0	0	0	0	0	0	0	0	0	0	0	0	0	0	0	0	0	0	0	
70100	Frontal_Med_Orb_R	0	0	182	2540	0	8866	0	0	0	302	0	0	0	0	0	0	0	0	0	0	0	0	1330	5972	388	0	114	5842	0	0	938	4388	0	110	0	0	0	0	0	0	0	0	0	0	0	0	0	0	0	0	0	0	0	0	0	0	0	0	0	0	0	0	0	0	0	0	0	0	0	0	0	2428	0	1650	0	0	0	0	0	0	0	0	0	0	0	0	0	0	0	0	0	0	0	0	0	0	0	0	0	0	0	0	0	0	0	0	0	0	0	0	0	0	0	0	0	0	
55020	Rectus_L	0	0	0	0	5862	536	0	0	2074	0	0	0	0	0	1854	134	0	0	0	0	3410	2788	292	0	1362	114	0	972	418	0	2184	804	0	0	0	0	0	0	0	0	0	0	0	0	0	0	0	0	0	0	0	0	0	0	0	0	0	0	0	0	0	0	0	0	0	0	0	0	0	0	3124	1022	420	0	0	0	0	0	0	0	0	0	140	0	0	0	0	0	0	0	0	0	0	0	0	0	0	0	0	0	0	0	0	0	0	0	0	0	0	0	0	0	0	0	0	0	
86328	Rectus_R	0	0	0	282	596	10974	0	0	0	1460	0	0	0	0	680	1740	0	0	0	0	3416	4950	190	1098	0	5842	972	0	138	404	778	2478	0	0	0	0	0	0	0	0	0	140	0	0	0	0	0	0	0	0	0	0	0	0	0	0	0	0	0	0	0	0	0	0	0	0	0	0	0	0	3470	1458	1574	524	0	0	0	0	0	0	0	0	0	0	0	0	0	0	0	0	0	0	0	0	0	0	0	0	0	0	0	0	0	0	0	0	0	0	0	0	0	0	0	0	0	0	
588992	Insula_L	12560	0	40328	0	12104	128	29202	0	916	0	19274	0	20924	0	14342	148	15246	0	24832	602	3926	546	2416	350	0	0	418	138	0	140	2816	562	0	564	162	372	21264	198	2566	0	3056	0	0	0	0	0	0	0	134	0	1598	0	478	0	5976	0	5986	0	338	0	2482	0	694	0	1170	0	270	0	0	0	2366	494	17104	0	0	0	332	0	6494	0	8448	0	5384	0	2306	0	0	0	2214	0	128	0	0	0	0	0	0	0	0	0	0	0	0	0	0	0	0	0	0	0	0	0	0	0	0	0	
270536	Insula_R	0	1052	346	12638	0	272	0	2480	0	0	0	14778	0	7564	0	5050	0	10298	5178	11820	0	1028	188	1220	0	0	0	404	140	0	0	762	0	5820	0	192	0	6542	0	704	0	210	0	0	0	240	0	0	0	356	0	230	0	730	0	2812	0	3366	0	956	0	0	0	324	0	0	0	1714	0	460	828	2352	0	15022	0	0	0	364	0	1060	0	5632	0	1064	0	3566	0	0	0	5506	0	0	0	0	0	0	0	0	0	0	0	0	0	0	0	0	0	0	0	0	0	0	0	0	0	0	
185116	Cingulum_Ant_L	120	0	12368	2838	2322	266	1892	254	182	0	380	0	1486	0	468	0	0	0	9144	1594	2200	1624	12086	6550	1768	938	2184	778	2816	0	0	12720	4248	2850	130	0	0	0	0	0	0	0	0	0	0	0	0	0	0	0	0	0	0	0	0	0	0	0	0	0	0	0	0	0	0	0	0	0	116	0	3124	730	4214	168	0	0	0	0	0	0	0	0	0	0	0	0	0	0	0	0	0	0	0	0	0	0	0	0	0	0	0	0	0	0	0	0	0	0	0	0	0	0	0	0	0	0	
331932	Cingulum_Ant_R	0	0	4862	27766	196	3534	494	1484	0	0	0	0	164	948	160	878	0	0	5110	5968	1980	1866	14146	30314	0	4388	804	2478	562	762	12720	0	1630	24642	0	0	0	0	0	0	0	0	0	0	0	0	0	0	0	0	0	0	0	0	0	0	0	0	0	0	0	0	0	0	0	0	0	0	0	0	2398	9106	686	5920	0	0	0	0	0	0	0	0	0	0	0	0	0	0	0	0	0	0	0	0	0	0	0	0	0	0	0	0	0	0	0	0	0	0	0	0	0	0	0	0	0	0	
118600	Cingulum_Mid_L	1798	212	3144	438	0	0	180	0	0	0	0	0	0	0	0	0	0	0	10044	4930	0	0	1596	120	0	0	0	0	0	0	4248	1630	0	10084	3040	2138	0	0	0	0	0	0	242	0	2016	0	160	0	994	0	474	0	378	0	180	0	0	0	180	0	0	0	0	0	0	0	3744	1870	4648	812	0	0	0	0	0	0	0	0	0	0	0	0	0	0	0	0	0	0	0	0	0	0	0	0	0	0	0	0	0	0	0	0	0	0	0	0	0	0	0	0	0	0	0	0	0	0	
624320	Cingulum_Mid_R	2332	2142	9280	25808	0	140	932	2830	0	0	106	2694	0	5278	0	2412	0	166	37408	59018	0	0	6622	15994	0	110	0	0	564	5820	2850	24642	10084	0	1876	15432	506	2672	212	870	0	0	0	3458	284	4136	0	352	368	3434	0	1370	0	186	0	1426	0	3266	300	0	0	0	0	0	0	0	2810	15634	6298	17114	2118	1208	1514	4128	372	0	496	668	0	0	0	368	0	0	0	592	0	0	0	1290	0	0	0	0	0	0	0	0	0	0	0	0	0	0	0	0	0	0	0	0	170	0	0	0	0	0	
117176	Cingulum_Post_L	2938	1354	294	122	0	0	988	130	0	0	0	0	0	0	0	0	0	494	636	534	0	0	0	0	0	0	0	0	162	0	130	0	3040	1876	0	7874	4136	4086	782	226	0	0	3090	120	1760	464	2784	142	218	106	254	0	154	0	120	0	184	346	0	0	0	0	0	0	0	0	6964	3840	3812	462	0	0	0	0	0	0	2132	1694	0	0	0	0	0	0	140	0	0	0	0	0	0	0	0	0	0	0	0	0	0	0	0	0	0	0	0	0	0	0	0	0	0	0	0	0	0	0	
196508	Cingulum_Post_R	2112	3900	704	132	0	0	1298	0	0	0	0	0	0	0	0	0	0	762	2522	12768	0	0	0	0	0	0	0	0	372	192	0	0	2138	15432	7874	0	3102	7634	392	382	0	0	0	1936	168	986	0	2052	0	236	0	238	0	0	0	264	0	512	0	0	0	0	0	0	0	0	1092	11196	2608	5802	0	338	1026	0	324	0	3602	3526	0	0	0	0	0	0	0	0	0	0	0	124	0	0	0	0	0	0	0	0	0	0	0	0	0	0	0	0	0	0	0	0	508	0	0	0	0	0	
262980	Hippocampus_L	5972	484	9558	0	0	0	8916	0	0	0	1808	0	732	0	0	0	1098	104	6674	544	650	0	0	0	0	0	0	0	21264	0	0	0	0	506	4136	3102	0	2676	10780	240	5622	0	1752	0	0	0	2884	476	0	0	162	0	180	0	11996	0	1548	0	0	0	186	0	124	0	0	0	3012	708	212	0	178	0	10494	0	378	0	3066	1152	1832	0	1386	0	242	0	160	0	0	0	4496	0	0	0	0	0	0	0	0	0	0	0	0	0	0	0	0	0	0	0	0	0	0	0	0	0	0	0	
299032	Hippocampus_R	1010	7482	396	6652	0	0	1024	2196	0	0	0	562	0	340	0	0	0	2630	1916	5432	0	0	0	0	0	0	0	0	198	6542	0	0	0	2672	4086	7634	2676	0	310	17002	0	4778	0	1782	0	156	0	2914	0	220	0	246	0	1276	0	20390	0	2436	0	692	0	0	0	436	0	0	0	5372	0	1278	160	0	138	16522	0	438	3128	4428	0	212	0	1502	0	300	0	694	0	0	0	8888	0	0	0	0	0	0	0	180	0	0	0	0	0	0	0	0	0	0	0	0	190	0	0	0	0	0	
76156	ParaHippocampal_L	566	0	1218	0	0	0	668	0	0	0	0	0	0	0	0	0	0	0	1070	212	150	0	0	0	0	0	0	0	2566	0	0	0	0	212	782	392	10780	310	0	0	1586	0	682	0	0	0	3622	532	0	0	0	0	262	0	6256	0	0	0	0	0	0	0	0	0	0	0	1344	158	0	0	0	0	3182	0	0	0	244	102	0	0	0	0	278	0	0	0	116	0	514	0	144	0	0	0	130	0	0	0	0	0	0	0	0	0	0	0	0	0	0	0	0	0	0	0	0	0	
125092	ParaHippocampal_R	0	324	110	3476	0	0	0	1454	0	0	0	206	0	0	0	0	0	102	766	2096	0	286	0	0	0	0	0	0	0	704	0	0	0	870	226	382	240	17002	0	0	0	3442	0	518	0	0	0	2878	0	0	0	0	0	158	0	12680	0	148	0	0	0	0	0	0	0	0	0	1018	0	0	120	0	0	8290	0	356	0	392	0	0	0	108	0	764	0	0	0	402	0	1556	0	134	0	0	0	0	0	1196	0	142	0	0	0	0	0	0	0	0	0	0	0	0	0	0	0	0	
36008	Amygdala_L	0	0	0	0	402	0	0	0	0	0	0	0	0	0	102	0	0	0	0	0	1794	0	0	0	0	0	0	0	3056	0	0	0	0	0	0	0	5622	0	1586	0	0	0	0	0	0	0	0	190	0	0	0	0	0	0	2950	0	0	0	0	0	0	0	0	0	0	0	0	0	0	0	0	0	188	0	0	0	0	0	0	0	0	0	852	0	0	0	142	0	1120	0	0	0	0	0	0	0	0	0	0	0	0	0	0	0	0	0	0	0	0	0	0	0	0	0	0	0	
31828	Amygdala_R	0	0	0	0	0	0	0	0	0	0	0	0	0	0	0	154	0	0	0	0	0	874	0	0	0	0	0	140	0	210	0	0	0	0	0	0	0	4778	0	3442	0	0	0	0	0	0	0	0	0	0	0	0	0	0	0	4474	0	0	0	0	0	0	0	0	0	0	0	0	0	0	0	0	0	688	0	0	0	0	0	0	0	0	0	758	0	0	0	202	0	194	0	0	0	0	0	0	0	0	0	0	0	0	0	0	0	0	0	0	0	0	0	0	0	0	0	0	
216728	Calcarine_L	0	0	0	0	0	0	0	0	0	0	0	0	0	0	0	0	0	0	124	0	0	0	0	0	0	0	0	0	0	0	0	0	242	0	3090	0	1752	0	682	0	0	0	0	4654	15118	3026	21310	970	13330	702	16484	182	3790	0	1862	0	0	0	358	0	0	0	0	0	130	0	18592	568	562	0	0	0	0	0	0	0	0	0	0	0	0	0	0	0	836	0	0	0	0	0	0	0	0	0	0	0	0	0	0	0	0	0	0	0	0	0	0	0	0	0	0	0	0	0	0	0	
292528	Calcarine_R	0	256	0	0	0	0	0	0	0	0	0	0	0	0	0	0	0	0	0	450	0	0	0	0	0	0	0	0	0	0	0	0	0	3458	120	1936	0	1782	0	518	0	0	4654	0	8284	27256	964	20366	648	18196	238	16366	0	2734	0	4452	0	3638	0	0	0	0	0	0	0	394	646	18498	0	5084	0	0	0	0	0	0	0	0	0	0	0	0	0	0	0	3084	0	0	0	1608	0	0	0	0	0	0	0	186	0	0	0	0	0	0	0	0	0	0	0	0	448	0	0	0	0	0	
198368	Cuneus_L	0	0	0	0	0	0	0	148	0	0	0	0	0	0	0	0	0	0	550	156	0	0	0	0	0	0	0	0	0	0	0	0	2016	284	1760	168	0	0	0	0	0	0	15118	8284	0	13462	4086	596	20342	4002	6790	444	694	0	318	0	266	0	1252	0	0	0	0	0	0	0	13382	4122	944	0	0	0	0	0	0	0	0	0	0	0	0	0	0	0	0	0	0	0	0	0	0	0	0	0	0	0	0	0	0	0	0	0	0	0	0	0	0	0	0	0	0	0	0	0	0	0	
366628	Cuneus_R	0	568	0	0	0	0	0	0	0	0	0	0	0	0	0	0	0	208	0	760	0	0	0	0	0	0	0	0	0	240	0	0	0	4136	464	986	0	156	0	0	0	0	3026	27256	13462	0	224	4758	1090	46264	320	14874	0	760	0	200	0	6122	0	1700	0	114	0	0	0	892	4754	31638	0	6786	0	0	0	0	0	0	0	0	0	0	0	962	0	0	0	6672	0	0	0	3586	0	0	0	0	0	0	0	0	0	0	0	0	0	0	0	0	0	0	0	0	336	0	0	0	0	0	
245724	Lingual_L	0	0	0	0	0	0	0	0	0	0	0	0	0	0	0	0	0	0	0	0	0	0	0	0	0	0	0	0	0	0	0	0	160	0	2784	0	2884	0	3622	0	0	0	21310	964	4086	224	0	1886	5552	0	12264	0	6898	0	17140	616	0	0	218	0	0	0	0	0	0	0	10582	112	392	0	0	0	0	0	0	0	0	0	0	0	0	0	0	0	398	0	0	0	0	0	3544	674	0	0	184	196	6610	2144	8858	1780	0	0	0	0	158	0	0	0	0	0	4392	2230	0	0	0	0	
217864	Lingual_R	0	0	0	0	0	0	0	0	0	0	0	0	0	0	0	0	0	0	0	0	0	0	0	0	0	0	0	0	0	0	0	0	0	352	142	2052	476	2914	532	2878	190	0	970	20366	596	4758	1886	0	164	4208	0	7624	0	3942	1112	13188	0	0	0	0	0	0	0	0	0	0	132	8680	0	344	0	0	0	0	0	0	0	0	0	0	0	0	0	0	0	1180	0	0	0	466	1022	2598	0	0	130	370	1572	4664	2782	6958	0	0	0	0	148	0	0	0	0	302	4244	4456	534	0	0	0	
239232	Occipital_Sup_L	224	0	0	0	0	0	0	0	0	0	102	0	0	0	0	0	174	0	0	0	0	0	0	0	0	0	0	0	134	0	0	0	994	368	218	0	0	0	0	0	0	0	13330	648	20342	1090	5552	164	0	254	32772	0	6880	0	1892	0	910	0	12708	0	1822	0	0	0	638	0	13738	550	414	0	0	0	0	0	0	0	0	0	0	0	0	0	0	0	2818	0	0	0	400	0	480	0	0	0	0	0	0	0	0	0	0	0	0	0	0	0	0	0	0	0	0	0	0	0	0	0	
332820	Occipital_Sup_R	0	550	0	0	0	0	0	0	0	0	0	0	0	0	0	0	0	404	0	748	0	0	0	0	0	0	0	0	0	356	0	0	0	3434	106	236	0	220	0	0	0	0	702	18196	4002	46264	0	4208	254	0	104	25136	0	1050	0	246	0	4466	0	5258	0	714	0	132	0	5424	1356	23880	0	5824	0	0	0	0	0	0	0	0	0	0	0	1592	0	0	0	7702	0	0	0	3846	0	0	0	0	0	0	0	0	0	0	0	0	0	0	0	0	0	0	0	0	0	0	0	0	0	0	
469788	Occipital_Mid_L	3098	0	0	0	0	0	186	0	0	0	290	0	0	0	0	0	2060	0	0	0	0	0	0	0	0	0	0	0	1598	0	0	0	474	0	254	0	162	0	0	0	0	0	16484	238	6790	320	12264	0	32772	104	0	0	28046	0	7680	0	12840	0	18940	0	13582	0	252	0	15348	0	22106	138	1980	0	0	0	0	0	0	0	0	0	604	0	294	0	0	0	29526	0	0	0	5046	0	1102	0	0	0	0	0	0	0	316	0	0	0	0	0	0	0	0	0	0	0	0	0	0	0	0	0	
273316	Occipital_Mid_R	0	152	0	0	0	0	0	0	0	0	0	0	0	0	0	0	0	1682	0	328	0	0	0	0	0	0	0	0	0	230	0	0	0	1370	0	238	0	246	0	0	0	0	182	16366	444	14874	0	7624	0	25136	0	0	0	4244	0	3166	0	1120	0	4568	0	4552	0	422	0	17592	304	8442	0	1876	0	0	0	0	0	0	0	0	0	576	0	2380	0	0	0	15166	0	0	0	3378	0	0	0	0	0	0	0	0	0	0	0	0	0	0	0	0	0	0	0	0	0	0	0	0	0	0	
174784	Occipital_Inf_L	1174	0	0	0	0	0	0	0	0	0	0	0	0	0	0	0	1024	0	0	0	0	0	0	0	0	0	0	0	478	0	0	0	378	0	154	0	180	0	262	0	0	0	3790	0	694	0	6898	0	6880	0	28046	0	0	0	13034	0	1162	0	3320	0	456	0	0	0	472	0	5444	0	316	0	0	0	0	0	0	0	0	0	0	0	0	0	0	0	4408	0	0	0	3558	0	2570	0	0	0	0	0	550	0	1560	0	0	0	0	0	0	0	0	0	0	0	232	352	0	0	0	0	
76780	Occipital_Inf_R	0	300	0	0	0	0	0	0	0	0	0	0	0	0	0	0	0	194	0	144	0	0	0	0	0	0	0	0	0	730	0	0	0	186	0	0	0	1276	0	158	0	0	0	2734	0	760	0	3942	0	1050	0	4244	0	0	0	7016	0	184	0	454	0	0	0	0	0	0	0	2122	0	472	0	0	0	0	0	0	0	0	0	0	0	0	0	0	0	2200	0	0	0	6594	208	386	0	0	0	0	0	108	304	1354	0	0	0	0	0	0	0	0	0	0	110	962	198	0	0	0	
386320	Fusiform_L	1124	0	1794	0	0	0	2160	0	0	0	832	0	404	0	0	0	302	0	1508	0	110	0	0	0	0	0	0	0	5976	0	0	0	180	0	120	0	11996	0	6256	0	2950	0	1862	0	318	0	17140	1112	1892	0	7680	0	13034	0	0	1014	280	0	824	0	166	0	0	0	270	0	1920	0	0	0	0	0	2192	0	0	0	0	0	980	0	964	0	2482	0	1770	0	1568	0	13268	0	24502	1030	332	0	364	162	16000	2494	29300	2632	152	0	282	0	178	224	0	0	0	0	5216	3452	228	0	0	164	
348168	Fusiform_R	0	544	0	1482	0	0	0	0	0	0	0	0	0	0	0	0	0	118	1086	2366	0	0	0	0	0	0	0	0	0	2812	0	0	0	1426	0	264	0	20390	0	12680	0	4474	0	4452	0	200	616	13188	0	246	0	3166	0	7016	1014	0	0	232	0	218	0	0	0	0	0	0	0	3038	0	394	0	0	0	6686	0	0	0	210	0	0	0	1810	0	3252	0	1404	0	642	0	14608	1414	15892	0	0	0	0	1796	7144	4140	20228	0	0	0	358	1172	256	232	0	0	0	4644	6270	504	0	0	0	
308944	Postcentral_L	33956	0	3628	0	0	0	2372	0	0	0	6116	0	0	0	0	0	11238	0	0	0	0	0	0	0	0	0	0	0	5986	0	0	0	0	0	184	0	1548	0	0	0	0	0	0	0	266	0	0	0	910	0	12840	0	1162	0	280	0	0	0	11598	0	25480	0	7838	0	1414	0	7874	0	3196	0	936	0	144	0	168	0	1412	0	3576	0	6048	0	0	0	2942	0	0	0	1258	0	102	0	0	0	0	0	0	0	0	0	0	0	0	0	0	0	0	0	0	0	0	0	0	0	0	0	
171552	Postcentral_R	0	12082	0	0	0	0	0	0	0	0	0	1052	0	0	0	0	0	3776	0	1188	0	0	0	0	0	0	0	0	0	3366	0	0	0	3266	346	512	0	2436	0	148	0	0	0	3638	0	6122	0	0	0	4466	0	1120	0	184	0	232	0	0	0	3306	0	4078	0	10204	0	328	182	10692	0	9106	0	0	0	586	0	0	0	384	0	0	0	384	0	0	0	1874	0	0	0	718	0	0	0	0	0	0	0	0	0	0	0	0	0	0	0	0	0	0	0	0	0	0	0	0	0	0	
189828	Parietal_Sup_L	1088	0	0	0	0	0	0	0	0	0	0	0	0	0	0	0	274	0	0	0	0	0	0	0	0	0	0	0	338	0	0	0	180	300	0	0	0	0	0	0	0	0	358	0	1252	0	218	0	12708	0	18940	0	3320	0	824	0	11598	0	0	0	13788	0	0	0	1146	0	19752	1434	1388	0	0	0	0	0	0	0	0	0	148	0	0	0	0	0	4034	0	0	0	1516	0	310	0	0	0	0	0	0	0	0	0	0	0	0	0	0	0	0	0	0	0	0	0	0	0	0	0	
82832	Parietal_Sup_R	0	266	0	0	0	0	0	0	0	0	0	0	0	0	0	0	0	156	0	0	0	0	0	0	0	0	0	0	0	956	0	0	0	0	0	0	0	692	0	0	0	0	0	0	0	1700	0	0	0	5258	0	4568	0	454	0	218	0	3306	0	0	0	3622	0	0	0	5606	0	8702	0	422	0	0	0	0	0	0	0	0	0	0	0	650	0	0	0	2156	0	0	0	2684	0	0	0	0	0	0	0	0	0	0	0	0	0	0	0	0	0	0	0	0	0	0	0	0	0	0	
216156	Parietal_Inf_L	9118	0	148	0	0	0	696	0	0	0	674	0	0	0	0	0	2436	0	0	0	0	0	0	0	0	0	0	0	2482	0	0	0	0	0	0	0	186	0	0	0	0	0	0	0	0	0	0	0	1822	0	13582	0	456	0	166	0	25480	0	13788	0	0	0	8178	0	17802	0	2074	0	406	0	0	0	0	0	0	0	0	0	946	0	2390	0	0	0	3840	0	0	0	1408	0	0	0	0	0	0	0	0	0	0	0	0	0	0	0	0	0	0	0	0	0	0	0	0	0	0	0	
64924	Parietal_Inf_R	0	142	0	0	0	0	0	0	0	0	0	0	0	0	0	0	0	494	0	0	0	0	0	0	0	0	0	0	0	0	0	0	0	0	0	0	0	0	0	0	0	0	0	0	0	114	0	0	0	714	0	4552	0	0	0	0	0	4078	0	3622	0	0	0	7014	0	11104	0	244	0	0	0	0	0	0	0	0	0	0	0	0	0	124	0	0	0	260	0	0	0	0	0	0	0	0	0	0	0	0	0	0	0	0	0	0	0	0	0	0	0	0	0	0	0	0	0	0	
99684	SupraMarginal_L	2160	0	3200	0	0	0	0	0	0	0	420	0	0	0	0	0	2762	0	0	0	0	0	0	0	0	0	0	0	694	0	0	0	0	0	0	0	124	0	0	0	0	0	0	0	0	0	0	0	0	0	252	0	0	0	0	0	7838	0	0	0	8178	0	0	0	7900	0	0	0	0	0	0	0	0	0	0	0	0	0	218	0	8436	0	0	0	5570	0	0	0	2090	0	0	0	0	0	0	0	0	0	0	0	0	0	0	0	0	0	0	0	0	0	0	0	0	0	0	0	
63656	SupraMarginal_R	0	1128	0	0	0	0	0	0	0	0	0	0	0	0	0	0	0	2000	0	0	0	0	0	0	0	0	0	0	0	324	0	0	0	0	0	0	0	436	0	0	0	0	0	0	0	0	0	0	0	132	0	422	0	0	0	0	0	10204	0	0	0	7014	0	0	0	4966	0	0	0	0	0	0	0	0	0	0	0	0	0	134	0	2976	0	0	0	1850	0	0	0	242	0	0	0	0	0	0	0	0	0	0	0	0	0	0	0	0	0	0	0	0	0	0	0	0	0	0	
130524	Angular_L	1096	0	262	0	0	0	0	0	0	0	616	0	0	0	0	0	1142	0	0	0	0	0	0	0	0	0	0	0	1170	0	0	0	0	0	0	0	0	0	0	0	0	0	130	0	0	0	0	0	638	0	15348	0	472	0	270	0	1414	0	1146	0	17802	0	7900	0	0	0	312	0	0	0	0	0	0	0	0	0	0	0	516	0	3026	0	0	0	9908	0	0	0	2094	0	0	0	0	0	0	0	0	0	0	0	0	0	0	0	0	0	0	0	0	0	0	0	0	0	0	0	
110384	Angular_R	0	122	0	0	0	0	0	0	0	0	0	0	0	0	0	0	0	300	0	0	0	0	0	0	0	0	0	0	0	0	0	0	0	0	0	0	0	0	0	0	0	0	0	394	0	892	0	0	0	5424	0	17592	0	0	0	0	0	328	0	5606	0	11104	0	4966	0	0	0	248	0	0	0	0	0	0	0	0	0	0	0	0	0	3668	0	0	0	4248	0	0	0	300	0	0	0	0	0	0	0	0	0	0	0	0	0	0	0	0	0	0	0	0	0	0	0	0	0	0	
344356	Precuneus_L	1088	180	0	0	0	0	0	122	0	0	0	0	0	0	0	0	644	0	436	150	0	0	0	0	0	0	0	0	270	0	0	0	3744	2810	6964	1092	3012	0	1344	0	0	0	18592	646	13382	4754	10582	132	13738	1356	22106	304	5444	0	1920	0	7874	182	19752	0	2074	0	0	0	312	0	0	15604	4938	1018	0	0	0	0	0	0	0	0	0	0	112	0	0	0	3280	196	0	0	1330	208	322	0	0	0	0	0	0	0	0	0	0	0	0	0	0	0	0	0	0	0	164	0	0	0	0	0	
452276	Precuneus_R	156	1296	368	0	0	0	214	0	0	0	0	0	0	0	0	0	0	508	420	2672	0	0	0	0	0	0	0	0	0	1714	0	0	1870	15634	3840	11196	708	5372	158	1018	0	0	568	18498	4122	31638	112	8680	550	23880	138	8442	0	2122	0	3038	0	10692	1434	8702	0	244	0	0	0	248	15604	0	372	16274	0	0	0	0	0	0	818	470	0	142	0	1922	0	0	0	10340	0	0	0	8050	0	0	0	0	0	0	0	154	0	0	0	0	0	0	0	0	0	0	0	0	1740	0	0	0	0	0	
133576	Paracentral_Lobule_L	10970	1524	2060	0	0	0	0	0	0	0	0	0	0	0	0	0	0	0	6970	8038	0	0	0	0	0	0	0	0	0	0	116	0	4648	6298	3812	2608	212	0	0	0	0	0	562	0	944	0	392	0	414	0	1980	0	316	0	0	0	3196	0	1388	0	406	0	0	0	0	0	4938	372	0	2520	0	0	380	0	0	0	1520	0	0	0	0	0	0	0	204	0	0	0	0	0	0	0	0	0	0	0	0	0	0	0	0	0	0	0	0	0	0	0	0	0	0	0	0	0	0	0	
195152	Paracentral_Lobule_R	0	5528	402	0	0	0	0	0	0	0	0	0	0	0	0	0	0	182	1616	11514	0	0	0	0	0	0	0	0	0	460	0	0	812	17114	462	5802	0	1278	0	0	0	0	0	5084	0	6786	0	344	0	5824	0	1876	0	472	0	394	0	9106	0	422	0	0	0	0	0	0	1018	16274	2520	0	0	0	0	0	0	0	0	0	0	0	0	202	0	0	0	960	0	0	0	952	0	0	0	0	0	0	0	0	0	0	0	0	0	0	0	0	0	0	0	0	172	0	0	0	0	0	
215544	Caudate_L	1566	148	11990	5024	2734	2822	1274	280	202	0	0	348	462	410	2630	1864	0	0	11770	5832	8812	8830	272	222	356	0	3124	3470	2366	828	3124	2398	0	2118	0	0	178	160	0	120	0	0	0	0	0	0	0	0	0	0	0	0	0	0	0	0	936	0	0	0	0	0	0	0	0	0	0	0	0	0	0	7740	6832	1356	632	0	4542	0	0	0	0	0	0	0	0	0	0	0	0	0	0	0	0	0	0	0	0	0	0	0	0	0	0	0	0	0	0	0	0	0	0	0	0	0	0	0	
265168	Caudate_R	0	1848	2304	15492	968	4122	288	1154	0	320	0	458	0	1394	906	8110	0	0	2418	16212	3338	5330	394	5698	0	2428	1022	1458	494	2352	730	9106	0	1208	0	338	0	0	0	0	0	0	0	0	0	0	0	0	0	0	0	0	0	0	0	0	0	0	0	0	0	0	0	0	0	0	0	0	0	0	7740	0	1510	18966	0	1338	372	12768	0	0	0	0	0	0	0	0	0	0	0	0	0	0	0	0	0	0	0	0	0	0	0	0	0	0	0	0	0	0	0	0	0	0	0	0	0	0	
259220	Putamen_L	2412	0	22532	188	6212	1298	4188	0	802	0	478	0	1004	0	3338	384	152	0	16270	1570	2964	2934	2044	208	296	0	420	1574	17104	0	4214	686	0	1514	0	1026	10494	138	3182	0	188	0	0	0	0	0	0	0	0	0	0	0	0	0	2192	0	144	0	0	0	0	0	0	0	0	0	0	0	380	0	6832	1510	0	200	4452	0	2172	0	0	0	1082	0	594	0	0	0	0	0	238	0	0	0	0	0	0	0	0	0	0	0	0	0	0	0	0	0	0	0	0	0	0	0	0	0	0	0	
333956	Putamen_R	0	2196	520	24472	0	3024	0	5578	0	564	0	2746	0	2502	0	5562	0	1880	3928	15960	378	1120	360	4946	0	1650	0	524	0	15022	168	5920	0	4128	0	0	0	16522	0	8290	0	688	0	0	0	0	0	0	0	0	0	0	0	0	0	6686	0	586	0	0	0	0	0	0	0	0	0	0	0	0	1356	18966	200	0	0	2938	0	3424	0	108	0	780	0	0	0	424	0	0	0	2862	0	0	0	0	0	0	0	0	0	0	0	0	0	0	0	0	0	0	0	0	0	0	0	0	0	0	
30140	Pallidum_L	908	0	4208	0	0	0	0	0	0	0	0	0	0	0	0	0	0	0	1718	374	0	0	0	0	0	0	0	0	0	0	0	0	0	372	0	324	378	0	0	0	0	0	0	0	0	0	0	0	0	0	0	0	0	0	0	0	168	0	0	0	0	0	0	0	0	0	0	0	0	0	632	0	4452	0	0	0	1536	0	0	0	0	0	0	0	0	0	0	0	0	0	0	0	0	0	0	0	0	0	0	0	0	0	0	0	0	0	0	0	0	0	0	0	0	0	0	0	
20212	Pallidum_R	0	0	0	1946	0	0	0	0	0	0	0	0	0	0	0	0	0	0	170	2798	0	0	0	0	0	0	0	0	0	0	0	0	0	0	0	0	0	438	0	356	0	0	0	0	0	0	0	0	0	0	0	0	0	0	0	0	0	0	0	0	0	0	0	0	0	0	0	0	0	0	0	1338	0	2938	0	0	0	122	0	0	0	0	0	0	0	0	0	0	0	0	0	0	0	0	0	0	0	0	0	0	0	0	0	0	0	0	0	0	0	0	0	0	0	0	0	0	
98568	Thalamus_L	4396	850	7194	434	0	0	1490	0	0	0	230	0	0	0	0	0	0	0	3156	1542	0	0	0	0	0	0	0	0	332	0	0	0	0	496	2132	3602	3066	3128	244	0	0	0	0	0	0	0	0	0	0	0	0	0	0	0	0	0	1412	0	0	0	0	0	0	0	0	0	0	818	1520	0	4542	372	2172	0	1536	0	0	4620	0	0	0	0	0	0	0	0	0	0	0	0	0	0	0	0	0	0	0	0	0	0	0	0	0	0	0	0	0	0	0	0	0	0	0	0	0	0	
114340	Thalamus_R	498	5620	172	5448	0	0	594	590	0	0	0	222	0	0	0	186	0	638	0	8878	0	0	0	0	0	0	0	0	0	364	0	0	0	668	1694	3526	1152	4428	102	392	0	0	0	0	0	0	0	0	0	0	0	0	0	0	0	210	0	384	0	0	0	0	0	0	0	0	0	470	0	0	0	12768	0	3424	0	122	4620	0	0	0	0	0	0	0	0	0	0	0	0	0	0	0	0	0	0	0	0	0	0	0	0	0	0	0	0	0	0	0	0	0	0	0	0	0	0	0	
70792	Heschl_L	4166	0	272	0	0	0	246	0	0	0	2208	0	0	0	0	0	5888	0	176	0	0	0	0	0	0	0	0	0	6494	0	0	0	0	0	0	0	1832	0	0	0	0	0	0	0	0	0	0	0	0	0	604	0	0	0	980	0	3576	0	148	0	946	0	218	0	516	0	0	0	0	0	0	0	0	0	0	0	0	0	0	0	3436	0	0	0	2064	0	0	0	1626	0	0	0	0	0	0	0	0	0	0	0	0	0	0	0	0	0	0	0	0	0	0	0	0	0	0	0	
17768	Heschl_R	0	0	0	0	0	0	0	0	0	0	0	148	0	0	0	0	0	2534	0	0	0	0	0	0	0	0	0	0	0	1060	0	0	0	0	0	0	0	212	0	0	0	0	0	0	0	0	0	0	0	0	0	576	0	0	0	0	0	0	0	0	0	0	0	134	0	0	0	142	0	0	0	0	0	108	0	0	0	0	0	0	0	2608	0	0	0	992	0	0	0	370	0	0	0	0	0	0	0	0	0	0	0	0	0	0	0	0	0	0	0	0	0	0	0	0	0	0	
189200	Temporal_Sup_L	4886	0	3102	0	0	0	2658	0	0	0	2690	0	396	0	0	0	8662	0	1456	0	0	0	0	0	0	0	0	0	8448	0	0	0	0	0	0	0	1386	0	0	0	0	0	0	0	0	0	0	0	0	0	294	0	0	0	964	0	6048	0	0	0	2390	0	8436	0	3026	0	112	0	0	0	0	0	1082	0	0	0	0	0	3436	0	0	0	3674	0	21940	0	306	0	9208	0	0	0	0	0	0	0	0	0	0	0	0	0	0	0	0	0	0	0	0	0	0	0	0	0	0	0	
108060	Temporal_Sup_R	0	122	0	0	0	0	0	0	0	0	0	0	0	0	0	0	0	3768	256	306	0	0	0	0	0	0	0	0	0	5632	0	0	0	368	0	0	0	1502	0	108	0	0	0	0	0	962	0	0	0	1592	0	2380	0	0	0	1810	0	384	0	650	0	124	0	2976	0	3668	0	1922	0	202	0	0	0	780	0	0	0	0	0	2608	0	0	0	1442	0	16274	0	124	0	4070	0	0	0	0	0	0	0	0	0	0	0	0	0	0	0	0	0	0	0	0	0	0	0	0	0	0	
84444	Temporal_Pole_Sup_L	300	0	2146	0	730	0	1204	0	0	0	3068	0	1506	0	1272	0	1312	0	1752	0	1076	0	0	0	0	0	140	0	5384	0	0	0	0	0	0	0	242	0	278	0	852	0	0	0	0	0	0	0	0	0	0	0	0	0	2482	0	0	0	0	0	0	0	0	0	0	0	0	0	0	0	0	0	594	0	0	0	0	0	0	0	3674	0	0	0	6162	0	3404	0	4644	0	0	0	0	0	0	0	0	0	0	0	0	0	0	0	0	0	0	0	0	0	0	0	0	0	0	0	
30756	Temporal_Pole_Sup_R	0	0	0	274	0	0	0	0	0	0	0	282	0	0	0	0	0	316	0	0	0	154	0	0	0	0	0	0	0	1064	0	0	0	0	0	0	0	300	0	764	0	758	0	0	0	0	0	0	0	0	0	0	0	0	0	3252	0	0	0	0	0	0	0	0	0	0	0	0	0	0	0	0	0	0	0	0	0	0	0	0	0	1442	0	0	0	2028	0	2104	0	2640	0	0	0	0	0	0	0	0	0	0	0	0	0	0	0	0	0	0	0	0	0	0	0	0	0	0	
288104	Temporal_Mid_L	1478	0	0	0	0	0	0	0	0	0	402	0	0	0	0	0	2896	0	0	0	0	0	0	0	0	0	0	0	2306	0	0	0	0	0	140	0	160	0	0	0	0	0	836	0	0	0	398	0	2818	0	29526	0	4408	0	1770	0	2942	0	4034	0	3840	0	5570	0	9908	0	3280	0	204	0	0	0	0	0	0	0	0	0	2064	0	21940	0	6162	0	0	0	4320	0	32464	0	186	0	0	0	0	0	0	0	0	0	0	0	0	0	0	0	0	0	0	0	0	0	0	0	0	0	
227400	Temporal_Mid_R	0	574	0	106	0	0	0	0	0	0	0	0	0	0	0	0	0	1388	0	216	0	0	0	0	0	0	0	0	0	3566	0	0	0	592	0	0	0	694	0	0	0	0	0	3084	0	6672	0	1180	0	7702	0	15166	0	2200	0	1404	0	1874	0	2156	0	260	0	1850	0	4248	196	10340	0	960	0	0	0	424	0	0	0	0	0	992	0	16274	0	2028	0	0	0	1578	0	25976	0	0	0	0	0	0	0	0	0	0	0	0	0	0	0	0	0	0	0	0	0	0	0	0	0	0	
27672	Temporal_Pole_Mid_L	0	0	0	0	0	0	0	0	0	0	0	0	0	0	0	0	0	0	0	0	0	0	0	0	0	0	0	0	0	0	0	0	0	0	0	0	0	0	116	0	142	0	0	0	0	0	0	0	0	0	0	0	0	0	1568	0	0	0	0	0	0	0	0	0	0	0	0	0	0	0	0	0	0	0	0	0	0	0	0	0	306	0	3404	0	4320	0	0	0	3980	0	0	0	0	0	0	0	0	0	0	0	0	0	0	0	0	0	0	0	0	0	0	0	0	0	0	0	
11544	Temporal_Pole_Mid_R	0	0	0	0	0	0	0	0	0	0	0	0	0	0	0	0	0	0	0	0	0	0	0	0	0	0	0	0	0	0	0	0	0	0	0	0	0	0	0	402	0	202	0	0	0	0	0	0	0	0	0	0	0	0	0	642	0	0	0	0	0	0	0	0	0	0	0	0	0	0	0	0	0	0	0	0	0	0	0	0	0	124	0	2104	0	1578	0	0	0	720	0	0	0	0	0	0	0	0	0	0	0	0	0	0	0	0	0	0	0	0	0	0	0	0	0	0	
194668	Temporal_Inf_L	838	0	232	0	0	0	0	0	0	0	334	0	0	0	0	0	1490	0	198	0	0	0	0	0	0	0	0	0	2214	0	0	0	0	0	0	0	4496	0	514	0	1120	0	0	0	0	0	0	0	400	0	5046	0	3558	0	13268	0	1258	0	1516	0	1408	0	2090	0	2094	0	1330	0	0	0	0	0	238	0	0	0	0	0	1626	0	9208	0	4644	0	32464	0	3980	0	0	0	1334	0	0	0	0	0	0	0	436	0	0	0	0	0	0	0	0	0	0	0	0	0	0	0	0	0	
213112	Temporal_Inf_R	0	384	0	424	0	0	0	0	0	0	0	0	0	0	0	0	0	636	674	1252	0	0	0	0	0	0	0	0	0	5506	0	0	0	1290	0	124	0	8888	0	1556	0	194	0	1608	0	3586	0	466	0	3846	0	3378	0	6594	0	14608	0	718	0	2684	0	0	0	242	0	300	208	8050	0	952	0	0	0	2862	0	0	0	0	0	370	0	4070	0	2640	0	25976	0	720	0	0	0	1484	0	0	0	0	0	0	0	266	0	0	0	0	0	0	0	0	0	0	0	0	0	0	0	0	
445240	Cerebelum_Crus1_L	0	0	0	0	0	0	0	0	0	0	0	0	0	0	0	0	0	0	0	0	0	0	0	0	0	0	0	0	128	0	0	0	0	0	0	0	0	0	144	0	0	0	0	0	0	0	3544	1022	480	0	1102	0	2570	208	24502	1414	102	0	310	0	0	0	0	0	0	0	322	0	0	0	0	0	0	0	0	0	0	0	0	0	0	0	0	0	186	0	0	0	1334	0	0	3078	27872	2014	1120	170	24200	1976	57088	4326	16450	718	18402	1998	4906	744	1316	0	0	0	4216	6516	5898	1262	822	160	
401140	Cerebelum_Crus1_R	0	0	0	0	0	0	0	0	0	0	0	0	0	0	0	0	0	0	0	0	0	0	0	0	0	0	0	0	0	0	0	0	0	0	0	0	0	0	0	134	0	0	0	0	0	0	674	2598	0	0	0	0	0	386	1030	15892	0	0	0	0	0	0	0	0	0	0	0	0	0	0	0	0	0	0	0	0	0	0	0	0	0	0	0	0	0	0	0	0	0	1484	3078	0	844	23456	0	1602	1578	17954	5888	55688	452	9116	984	24744	2748	7890	320	0	0	672	4808	7838	6626	1180	906	0	
278004	Cerebelum_Crus2_L	0	0	0	0	0	0	0	0	0	0	0	0	0	0	0	0	0	0	0	0	0	0	0	0	0	0	0	0	0	0	0	0	0	0	0	0	0	0	0	0	0	0	0	0	0	0	0	0	0	0	0	0	0	0	332	0	0	0	0	0	0	0	0	0	0	0	0	0	0	0	0	0	0	0	0	0	0	0	0	0	0	0	0	0	0	0	0	0	0	0	27872	844	0	3530	116	0	894	0	3744	316	42224	2306	33278	4162	9740	504	714	0	0	0	0	450	4576	3118	282	0	
224676	Cerebelum_Crus2_R	0	0	0	0	0	0	0	0	0	0	0	0	0	0	0	0	0	0	0	0	0	0	0	0	0	0	0	0	0	0	0	0	0	0	0	0	0	0	0	0	0	0	0	0	0	0	0	0	0	0	0	0	0	0	0	0	0	0	0	0	0	0	0	0	0	0	0	0	0	0	0	0	0	0	0	0	0	0	0	0	0	0	0	0	0	0	0	0	0	0	2014	23456	3530	0	0	0	0	0	290	954	1628	31024	2252	32668	572	6466	0	0	0	0	0	196	5340	1948	0	0	
32476	Cerebelum_3_L	0	0	0	0	0	0	0	0	0	0	0	0	0	0	0	0	0	0	0	0	0	0	0	0	0	0	0	0	0	0	0	0	0	0	0	0	0	0	130	0	0	0	0	0	0	0	184	130	0	0	0	0	0	0	364	0	0	0	0	0	0	0	0	0	0	0	0	0	0	0	0	0	0	0	0	0	0	0	0	0	0	0	0	0	0	0	0	0	0	0	1120	0	116	0	0	560	4886	860	2486	844	0	0	0	0	152	0	0	0	798	1756	1746	106	0	0	0	0	
47024	Cerebelum_3_R	0	0	0	0	0	0	0	0	0	0	0	0	0	0	0	0	0	0	0	0	0	0	0	0	0	0	0	0	0	0	0	0	0	0	0	0	0	0	0	0	0	0	0	0	0	0	196	370	0	0	0	0	0	0	162	0	0	0	0	0	0	0	0	0	0	0	0	0	0	0	0	0	0	0	0	0	0	0	0	0	0	0	0	0	0	0	0	0	0	0	170	1602	0	0	560	0	1894	5396	636	5968	0	0	0	0	380	430	0	0	438	1714	2450	604	0	0	410	132	
287260	Cerebelum_4_5_L	0	0	0	0	0	0	0	0	0	0	0	0	0	0	0	0	0	0	0	0	0	0	0	0	0	0	0	0	0	0	0	0	0	0	0	0	0	0	0	0	0	0	0	0	0	0	6610	1572	0	0	0	0	550	0	16000	1796	0	0	0	0	0	0	0	0	0	0	0	0	0	0	0	0	0	0	0	0	0	0	0	0	0	0	0	0	0	0	0	0	0	0	24200	1578	894	0	4886	1894	0	9086	38382	6262	1596	0	1996	0	2098	612	358	0	454	1624	17328	1912	0	156	774	1012	
217964	Cerebelum_4_5_R	0	0	0	0	0	0	0	0	0	0	0	0	0	0	0	0	0	0	0	0	0	0	0	0	0	0	0	0	0	0	0	0	0	0	0	0	0	180	0	1196	0	0	0	186	0	0	2144	4664	0	0	0	0	0	108	2494	7144	0	0	0	0	0	0	0	0	0	0	0	154	0	0	0	0	0	0	0	0	0	0	0	0	0	0	0	0	0	0	0	0	0	0	1976	17954	0	0	860	5396	9086	0	5482	28574	0	0	0	164	670	434	132	0	0	2036	15990	1366	0	0	0	592	
439628	Cerebelum_6_L	0	0	0	0	0	0	0	0	0	0	0	0	0	0	0	0	0	0	0	0	0	0	0	0	0	0	0	0	0	0	0	0	0	0	0	0	0	0	0	0	0	0	0	0	0	0	8858	2782	0	0	316	0	1560	304	29300	4140	0	0	0	0	0	0	0	0	0	0	0	0	0	0	0	0	0	0	0	0	0	0	0	0	0	0	0	0	0	0	0	0	436	0	57088	5888	3744	290	2486	636	38382	5482	0	10360	5636	0	6920	160	4890	678	1152	0	0	354	11382	13518	1634	202	818	418	
398896	Cerebelum_6_R	0	0	0	0	0	0	0	0	0	0	0	0	0	0	0	0	0	0	0	0	0	0	0	0	0	0	0	0	0	0	0	0	0	0	0	0	0	0	0	142	0	0	0	0	0	0	1780	6958	0	0	0	0	0	1354	2632	20228	0	0	0	0	0	0	0	0	0	0	0	0	0	0	0	0	0	0	0	0	0	0	0	0	0	0	0	0	0	0	0	0	0	266	4326	55688	316	954	844	5968	6262	28574	10360	0	286	1412	362	5064	3710	3340	580	186	324	2256	12382	13912	5020	1020	2442	500	
259504	Cerebelum_7b_L	0	0	0	0	0	0	0	0	0	0	0	0	0	0	0	0	0	0	0	0	0	0	0	0	0	0	0	0	0	0	0	0	0	0	0	0	0	0	0	0	0	0	0	0	0	0	0	0	0	0	0	0	0	0	152	0	0	0	0	0	0	0	0	0	0	0	0	0	0	0	0	0	0	0	0	0	0	0	0	0	0	0	0	0	0	0	0	0	0	0	16450	452	42224	1628	0	0	1596	0	5636	286	0	1396	38344	3484	9960	440	1340	0	0	0	0	318	2082	3674	290	0	
166128	Cerebelum_7b_R	0	0	0	0	0	0	0	0	0	0	0	0	0	0	0	0	0	0	0	0	0	0	0	0	0	0	0	0	0	0	0	0	0	0	0	0	0	0	0	0	0	0	0	0	0	0	0	0	0	0	0	0	0	0	0	0	0	0	0	0	0	0	0	0	0	0	0	0	0	0	0	0	0	0	0	0	0	0	0	0	0	0	0	0	0	0	0	0	0	0	718	9116	2306	31024	0	0	0	0	0	1412	1396	0	1332	28094	0	3818	0	116	0	0	0	0	2110	1622	0	0	
297896	Cerebelum_8_L	0	0	0	0	0	0	0	0	0	0	0	0	0	0	0	0	0	0	0	0	0	0	0	0	0	0	0	0	0	0	0	0	0	0	0	0	0	0	0	0	0	0	0	0	0	0	0	0	0	0	0	0	0	0	282	0	0	0	0	0	0	0	0	0	0	0	0	0	0	0	0	0	0	0	0	0	0	0	0	0	0	0	0	0	0	0	0	0	0	0	18402	984	33278	2252	0	0	1996	0	6920	362	38344	1332	0	6756	19310	2134	2546	0	0	0	108	392	3862	7770	1918	0	
286272	Cerebelum_8_R	0	0	0	0	0	0	0	0	0	0	0	0	0	0	0	0	0	0	0	0	0	0	0	0	0	0	0	0	0	0	0	0	0	0	0	0	0	0	0	0	0	0	0	0	0	0	0	0	0	0	0	0	0	0	0	358	0	0	0	0	0	0	0	0	0	0	0	0	0	0	0	0	0	0	0	0	0	0	0	0	0	0	0	0	0	0	0	0	0	0	1998	24744	4162	32668	0	0	0	164	160	5064	3484	28094	6756	0	2440	18724	0	550	0	0	0	288	5554	6540	1388	0	
168728	Cerebelum_9_L	0	0	0	0	0	0	0	0	0	0	0	0	0	0	0	0	0	0	0	0	0	0	0	0	0	0	0	0	0	0	0	0	0	0	0	0	0	0	0	0	0	0	0	0	0	0	158	148	0	0	0	0	0	0	178	1172	0	0	0	0	0	0	0	0	0	0	0	0	0	0	0	0	0	0	0	0	0	0	0	0	0	0	0	0	0	0	0	0	0	0	4906	2748	9740	572	152	380	2098	670	4890	3710	9960	0	19310	2440	0	2194	4582	0	180	204	1786	4122	1648	3324	2812	280	
131496	Cerebelum_9_R	0	0	0	0	0	0	0	0	0	0	0	0	0	0	0	0	0	0	0	0	0	0	0	0	0	0	0	0	0	0	0	0	0	0	0	0	0	0	0	0	0	0	0	0	0	0	0	0	0	0	0	0	0	0	224	256	0	0	0	0	0	0	0	0	0	0	0	0	0	0	0	0	0	0	0	0	0	0	0	0	0	0	0	0	0	0	0	0	0	0	744	7890	504	6466	0	430	612	434	678	3340	440	3818	2134	18724	2194	0	0	2186	360	184	1012	2460	2198	3302	4286	872	
28228	Cerebelum_10_L	0	0	0	0	0	0	0	0	0	0	0	0	0	0	0	0	0	0	0	0	0	0	0	0	0	0	0	0	0	0	0	0	0	0	0	0	0	0	0	0	0	0	0	0	0	0	0	0	0	0	0	0	0	0	0	232	0	0	0	0	0	0	0	0	0	0	0	0	0	0	0	0	0	0	0	0	0	0	0	0	0	0	0	0	0	0	0	0	0	0	1316	320	714	0	0	0	358	132	1152	580	1340	0	2546	0	4582	0	0	0	0	0	236	606	0	0	0	0	
7656	Cerebelum_10_R	0	0	0	0	0	0	0	0	0	0	0	0	0	0	0	0	0	0	0	0	0	0	0	0	0	0	0	0	0	0	0	0	0	0	0	0	0	0	0	0	0	0	0	0	0	0	0	0	0	0	0	0	0	0	0	0	0	0	0	0	0	0	0	0	0	0	0	0	0	0	0	0	0	0	0	0	0	0	0	0	0	0	0	0	0	0	0	0	0	0	0	0	0	0	0	0	0	0	0	186	0	116	0	550	0	2186	0	0	0	0	0	248	0	132	228	182	
12284	Vermis_1_2	0	0	0	0	0	0	0	0	0	0	0	0	0	0	0	0	0	0	0	0	0	0	0	0	0	0	0	0	0	0	0	0	0	0	0	0	0	0	0	0	0	0	0	0	0	0	0	0	0	0	0	0	0	0	0	0	0	0	0	0	0	0	0	0	0	0	0	0	0	0	0	0	0	0	0	0	0	0	0	0	0	0	0	0	0	0	0	0	0	0	0	0	0	0	798	438	454	0	0	324	0	0	0	0	180	360	0	0	0	2412	604	286	0	0	286	0	
31948	Vermis_3	0	0	0	0	0	0	0	0	0	0	0	0	0	0	0	0	0	0	0	0	0	0	0	0	0	0	0	0	0	0	0	0	0	0	0	0	0	0	0	0	0	0	0	0	0	0	0	302	0	0	0	0	0	0	0	0	0	0	0	0	0	0	0	0	0	0	0	0	0	0	0	0	0	0	0	0	0	0	0	0	0	0	0	0	0	0	0	0	0	0	0	672	0	0	1756	1714	1624	2036	354	2256	0	0	0	0	204	184	0	0	2412	0	2074	252	0	0	134	0	
211056	Vermis_4_5	0	0	0	0	0	0	0	0	0	0	0	0	0	0	0	0	0	0	0	0	0	0	0	0	0	0	0	0	0	0	0	0	0	170	0	508	0	190	0	0	0	0	0	448	0	336	4392	4244	0	0	0	0	232	110	5216	4644	0	0	0	0	0	0	0	0	0	0	164	1740	0	172	0	0	0	0	0	0	0	0	0	0	0	0	0	0	0	0	0	0	0	0	4216	4808	0	0	1746	2450	17328	15990	11382	12382	0	0	108	0	1786	1012	236	0	604	2074	0	3630	0	260	1256	1694	
171348	Vermis_6	0	0	0	0	0	0	0	0	0	0	0	0	0	0	0	0	0	0	0	0	0	0	0	0	0	0	0	0	0	0	0	0	0	0	0	0	0	0	0	0	0	0	0	0	0	0	2230	4456	0	0	0	0	352	962	3452	6270	0	0	0	0	0	0	0	0	0	0	0	0	0	0	0	0	0	0	0	0	0	0	0	0	0	0	0	0	0	0	0	0	0	0	6516	7838	450	196	106	604	1912	1366	13518	13912	318	0	392	288	4122	2460	606	248	286	252	3630	0	2802	1378	3646	1106	
113652	Vermis_7	0	0	0	0	0	0	0	0	0	0	0	0	0	0	0	0	0	0	0	0	0	0	0	0	0	0	0	0	0	0	0	0	0	0	0	0	0	0	0	0	0	0	0	0	0	0	0	534	0	0	0	0	0	198	228	504	0	0	0	0	0	0	0	0	0	0	0	0	0	0	0	0	0	0	0	0	0	0	0	0	0	0	0	0	0	0	0	0	0	0	5898	6626	4576	5340	0	0	0	0	1634	5020	2082	2110	3862	5554	1648	2198	0	0	0	0	0	2802	0	3504	2508	0	
89944	Vermis_8	0	0	0	0	0	0	0	0	0	0	0	0	0	0	0	0	0	0	0	0	0	0	0	0	0	0	0	0	0	0	0	0	0	0	0	0	0	0	0	0	0	0	0	0	0	0	0	0	0	0	0	0	0	0	0	0	0	0	0	0	0	0	0	0	0	0	0	0	0	0	0	0	0	0	0	0	0	0	0	0	0	0	0	0	0	0	0	0	0	0	1262	1180	3118	1948	0	0	156	0	202	1020	3674	1622	7770	6540	3324	3302	0	132	0	0	260	1378	3504	0	4368	212	
60840	Vermis_9	0	0	0	0	0	0	0	0	0	0	0	0	0	0	0	0	0	0	0	0	0	0	0	0	0	0	0	0	0	0	0	0	0	0	0	0	0	0	0	0	0	0	0	0	0	0	0	0	0	0	0	0	0	0	0	0	0	0	0	0	0	0	0	0	0	0	0	0	0	0	0	0	0	0	0	0	0	0	0	0	0	0	0	0	0	0	0	0	0	0	822	906	282	0	0	410	774	0	818	2442	290	0	1918	1388	2812	4286	0	228	286	134	1256	3646	2508	4368	0	846	
16340	Vermis_10	0	0	0	0	0	0	0	0	0	0	0	0	0	0	0	0	0	0	0	0	0	0	0	0	0	0	0	0	0	0	0	0	0	0	0	0	0	0	0	0	0	0	0	0	0	0	0	0	0	0	0	0	0	0	164	0	0	0	0	0	0	0	0	0	0	0	0	0	0	0	0	0	0	0	0	0	0	0	0	0	0	0	0	0	0	0	0	0	0	0	160	0	0	0	0	132	1012	592	418	500	0	0	0	0	280	872	0	182	0	0	1694	1106	0	212	846	0	
