data	data	382544	239604	1.152e+06	967568	152456	151136	638708	271360	91348	25800	264452	177544	284768	199180	239256	133628	228372	91964	922700	936456	89084	90184	559860	576556	55176	169916	87676	121452	623732	350504	510728	720036	289088	647088	136072	144104	247156	203440	63568	112368	29436	48908	278372	402828	131400	369312	223172	231776	184844	426728	484184	294748	206748	130472	271632	444620	241228	208824	146436	202704	204428	153244	128524	74584	192012	133392	294772	417976	388876	238740	270880	400484	304560	339704	51816	28004	116484	112216	84044	19272	212592	89180	81656	29416	259756	171596	10184	5360	257824	160248	289092	293504	185216	212772	18984	40496	205924	154676	295028	297152	135896	81232	168068	183212	73132	84720	25276	2996	12572	27196	135460	143664	128576	86104	64980	17736	
data	data	Precentral_L	Precentral_R	Frontal_Sup_L	Frontal_Sup_R	Frontal_Sup_Orb_L	Frontal_Sup_Orb_R	Frontal_Mid_L	Frontal_Mid_R	Frontal_Mid_Orb_L	Frontal_Mid_Orb_R	Frontal_Inf_Oper_L	Frontal_Inf_Oper_R	Frontal_Inf_Tri_L	Frontal_Inf_Tri_R	Frontal_Inf_Orb_L	Frontal_Inf_Orb_R	Rolandic_Oper_L	Rolandic_Oper_R	Supp_Motor_Area_L	Supp_Motor_Area_R	Olfactory_L	Olfactory_R	Frontal_Sup_Medial_L	Frontal_Sup_Medial_R	Frontal_Med_Orb_L	Frontal_Med_Orb_R	Rectus_L	Rectus_R	Insula_L	Insula_R	Cingulum_Ant_L	Cingulum_Ant_R	Cingulum_Mid_L	Cingulum_Mid_R	Cingulum_Post_L	Cingulum_Post_R	Hippocampus_L	Hippocampus_R	ParaHippocampal_L	ParaHippocampal_R	Amygdala_L	Amygdala_R	Calcarine_L	Calcarine_R	Cuneus_L	Cuneus_R	Lingual_L	Lingual_R	Occipital_Sup_L	Occipital_Sup_R	Occipital_Mid_L	Occipital_Mid_R	Occipital_Inf_L	Occipital_Inf_R	Fusiform_L	Fusiform_R	Postcentral_L	Postcentral_R	Parietal_Sup_L	Parietal_Sup_R	Parietal_Inf_L	Parietal_Inf_R	SupraMarginal_L	SupraMarginal_R	Angular_L	Angular_R	Precuneus_L	Precuneus_R	Paracentral_Lobule_L	Paracentral_Lobule_R	Caudate_L	Caudate_R	Putamen_L	Putamen_R	Pallidum_L	Pallidum_R	Thalamus_L	Thalamus_R	Heschl_L	Heschl_R	Temporal_Sup_L	Temporal_Sup_R	Temporal_Pole_Sup_L	Temporal_Pole_Sup_R	Temporal_Mid_L	Temporal_Mid_R	Temporal_Pole_Mid_L	Temporal_Pole_Mid_R	Temporal_Inf_L	Temporal_Inf_R	Cerebelum_Crus1_L	Cerebelum_Crus1_R	Cerebelum_Crus2_L	Cerebelum_Crus2_R	Cerebelum_3_L	Cerebelum_3_R	Cerebelum_4_5_L	Cerebelum_4_5_R	Cerebelum_6_L	Cerebelum_6_R	Cerebelum_7b_L	Cerebelum_7b_R	Cerebelum_8_L	Cerebelum_8_R	Cerebelum_9_L	Cerebelum_9_R	Cerebelum_10_L	Cerebelum_10_R	Vermis_1_2	Vermis_3	Vermis_4_5	Vermis_6	Vermis_7	Vermis_8	Vermis_9	Vermis_10	
382544	Precentral_L	0	1106	12552	506	0	0	25654	0	0	0	14680	0	798	0	0	0	9576	0	3636	2584	0	0	0	106	0	0	0	0	7374	0	0	158	94	710	2882	1840	12908	974	1004	164	0	0	176	0	0	0	0	0	0	0	488	0	2344	0	476	0	27430	262	442	0	1566	0	0	0	162	0	360	0	23710	1372	5262	806	6132	0	252	0	11792	948	5144	0	2244	0	0	0	150	0	0	0	448	0	0	0	0	0	0	0	0	0	0	0	0	0	0	0	0	0	0	0	0	0	0	0	0	0	0	0	
239604	Precentral_R	1106	0	536	5962	0	0	0	8022	0	0	0	6758	0	442	0	90	0	1622	1304	10090	0	0	0	0	0	0	0	0	0	6878	0	0	286	1668	3152	2928	694	6622	0	380	0	0	0	130	0	282	0	124	0	628	0	170	0	184	0	576	0	14384	0	610	0	1038	0	1216	0	366	106	560	4776	10068	238	4268	0	3764	0	178	1280	13640	0	174	0	862	0	0	0	654	0	0	0	986	0	0	0	0	0	0	0	0	0	0	0	0	0	0	0	0	0	0	0	0	0	0	0	0	0	0	
1.152e+06	Frontal_Sup_L	12552	536	0	15810	10614	0	83712	322	2258	0	22532	634	17796	634	10212	114	15496	260	89484	16230	154	0	56132	15262	1718	716	1524	0	47764	528	25838	11964	13780	11906	0	0	5154	0	0	0	0	0	0	0	0	0	0	0	0	0	326	0	274	0	508	0	6002	0	152	0	390	0	396	0	204	0	0	0	9766	1018	13900	3648	28194	536	3500	0	2762	136	1656	0	5424	0	4412	0	324	0	0	0	834	0	0	0	0	0	0	0	0	0	0	0	0	0	0	0	0	0	0	0	0	0	0	0	0	0	0	0	
967568	Frontal_Sup_R	506	5962	15810	0	0	5380	5294	46654	0	662	408	11948	440	16672	96	7380	0	5786	21534	77578	0	0	17898	55034	0	6916	0	1096	608	23018	16302	51674	7538	28394	0	0	0	922	0	176	0	0	0	0	0	0	0	0	0	0	0	0	0	0	0	136	0	258	0	0	0	0	0	0	0	0	0	0	140	0	2876	21256	0	23836	0	1398	772	776	0	244	0	216	0	190	0	0	0	0	0	0	0	0	0	0	0	0	0	0	0	0	0	0	0	0	0	0	0	0	0	0	0	0	0	0	0	0	
152456	Frontal_Sup_Orb_L	0	0	10614	0	0	230	1350	0	13716	0	0	0	868	0	11344	116	0	0	0	0	3058	584	5040	360	5474	322	8942	442	3072	0	3420	240	0	0	0	0	0	0	0	0	114	0	0	0	0	0	0	0	0	0	0	0	0	0	0	0	0	0	0	0	0	0	0	0	0	0	0	0	0	0	1252	0	5378	0	0	0	0	0	0	0	0	0	292	0	0	0	0	0	0	0	0	0	0	0	0	0	0	0	0	0	0	0	0	0	0	0	0	0	0	0	0	0	0	0	0	0	
151136	Frontal_Sup_Orb_R	0	0	0	5380	230	0	0	1880	164	4632	0	0	0	322	212	7078	0	0	0	1988	1046	2544	758	5708	382	10996	436	12512	0	2104	708	3400	0	0	0	0	0	0	0	0	0	0	0	0	0	0	0	0	0	0	0	0	0	0	0	0	0	0	0	0	0	0	0	0	0	0	0	0	0	0	1302	5708	0	6078	0	0	0	0	0	0	0	0	0	0	0	0	0	0	0	0	0	0	0	0	0	0	0	0	0	0	0	0	0	0	0	0	0	0	0	0	0	0	0	0	0	0	
638708	Frontal_Mid_L	25654	0	83712	5294	1350	0	0	174	3302	0	17060	366	33180	450	11838	0	6822	0	16082	2728	0	0	22022	5496	0	102	0	0	26068	214	11552	4822	6058	5880	116	116	810	104	0	0	0	0	0	0	0	0	0	0	0	0	0	0	94	0	0	0	4244	0	0	0	108	0	0	0	0	0	0	0	2504	0	6122	1854	4536	130	0	0	5346	0	820	0	1992	0	232	0	0	0	0	0	0	0	0	0	0	0	0	0	0	0	0	0	0	0	0	0	0	0	0	0	0	0	0	0	0	0	0	0	
271360	Frontal_Mid_R	0	8022	322	46654	0	1880	174	0	0	1446	0	8508	0	18398	0	5920	0	2972	672	5546	0	0	670	5106	0	246	0	138	0	12942	732	4058	126	2354	0	0	0	358	0	0	0	0	0	0	0	0	0	0	0	0	0	0	0	0	0	0	0	0	0	0	0	0	0	0	0	0	0	0	0	0	0	1030	0	6446	0	0	556	0	0	156	0	136	0	112	0	0	0	0	0	0	0	0	0	0	0	0	0	0	0	0	0	0	0	0	0	0	0	0	0	0	0	0	0	0	0	0	
91348	Frontal_Mid_Orb_L	0	0	2258	0	13716	164	3302	0	0	0	0	0	1842	0	14482	94	0	0	106	0	958	250	146	0	1134	0	3494	202	1924	0	228	0	0	0	0	0	0	0	0	0	0	0	0	0	0	0	0	0	0	0	0	0	0	0	0	0	0	0	0	0	0	0	0	0	0	0	0	0	0	0	506	0	686	0	0	0	0	0	0	0	0	0	182	0	0	0	0	0	0	0	0	0	0	0	0	0	0	0	0	0	0	0	0	0	0	0	0	0	0	0	0	0	0	0	0	0	
25800	Frontal_Mid_Orb_R	0	0	0	662	0	4632	0	1446	0	0	0	0	0	0	0	4408	0	0	0	0	148	206	0	114	0	98	0	774	0	0	0	0	0	0	0	0	0	0	0	0	0	0	0	0	0	0	0	0	0	0	0	0	0	0	0	0	0	0	0	0	0	0	0	0	0	0	0	0	0	0	158	90	0	164	0	0	0	0	0	0	0	0	0	0	0	0	0	0	0	0	0	0	0	0	0	0	0	0	0	0	0	0	0	0	0	0	0	0	0	0	0	0	0	0	0	0	
264452	Frontal_Inf_Oper_L	14680	0	22532	408	0	0	17060	0	0	0	0	0	8322	0	356	0	13930	0	14878	344	0	0	216	132	0	0	0	0	20100	0	270	204	134	140	0	0	330	0	0	0	0	0	0	0	0	0	0	0	0	0	0	0	0	0	0	0	3382	0	0	0	0	0	0	0	0	0	0	0	0	0	3662	956	1298	0	0	0	0	0	786	0	3514	0	4592	0	0	0	0	0	0	0	0	0	0	0	0	0	0	0	0	0	0	0	0	0	0	0	0	0	0	0	0	0	0	0	0	0	
177544	Frontal_Inf_Oper_R	0	6758	634	11948	0	0	366	8508	0	0	0	0	0	12450	0	1260	0	4220	318	6652	0	0	624	2096	0	306	0	0	0	13792	920	5142	218	732	0	0	0	864	0	128	0	0	0	0	0	154	0	0	0	256	0	0	0	0	0	208	0	422	0	138	0	0	0	0	0	0	0	200	0	0	288	3436	0	5484	0	148	0	0	0	0	0	102	0	0	0	0	0	0	0	0	0	0	0	0	0	0	0	0	0	0	0	0	0	0	0	0	0	0	0	0	0	0	0	0	0	0	
284768	Frontal_Inf_Tri_L	798	0	17796	440	868	0	33180	0	1842	0	8322	0	0	0	23752	0	460	0	12262	446	0	0	912	184	0	0	0	0	31826	0	592	272	592	252	0	0	0	0	0	0	0	0	0	0	0	0	0	0	0	0	0	0	0	0	0	0	0	0	0	0	0	0	0	0	0	0	0	0	0	0	2404	278	3626	0	0	0	0	0	0	0	0	0	1280	0	0	0	0	0	0	0	0	0	0	0	0	0	0	0	0	0	0	0	0	0	0	0	0	0	0	0	0	0	0	0	0	0	
199180	Frontal_Inf_Tri_R	0	442	634	16672	0	322	450	18398	0	0	0	12450	0	0	0	7030	0	698	322	2670	0	0	934	4540	0	326	0	552	0	17076	1020	7082	208	2216	0	0	0	186	0	0	0	0	0	0	0	0	0	0	0	0	0	0	0	0	0	0	0	0	0	0	0	0	0	0	0	0	0	0	0	0	0	2468	0	2894	0	0	0	0	0	0	0	0	0	0	0	0	0	0	0	0	0	0	0	0	0	0	0	0	0	0	0	0	0	0	0	0	0	0	0	0	0	0	0	0	0	0	
239256	Frontal_Inf_Orb_L	0	0	10212	96	11344	212	11838	0	14482	0	356	0	23752	0	0	116	0	0	5258	156	3330	426	502	0	122	0	2144	328	24830	0	390	124	374	144	0	0	0	0	202	0	0	0	0	0	0	0	0	0	0	0	0	0	0	0	0	0	0	0	0	0	0	0	0	0	0	0	0	0	0	0	1172	0	5884	0	0	0	0	0	0	0	0	0	1834	0	0	0	0	0	0	0	0	0	0	0	0	0	0	0	0	0	0	0	0	0	0	0	0	0	0	0	0	0	0	0	0	0	
133628	Frontal_Inf_Orb_R	0	90	114	7380	116	7078	0	5920	94	4408	0	1260	0	7030	116	0	0	0	204	928	362	1638	256	2160	0	432	176	4640	0	14768	0	1010	0	1176	0	0	0	652	0	150	0	0	0	0	0	0	0	0	0	0	0	0	0	0	0	188	0	0	0	0	0	0	0	0	0	0	0	0	0	0	424	588	0	3338	0	0	0	0	0	0	0	0	0	118	0	0	0	0	0	0	0	0	0	0	0	0	0	0	0	0	0	0	0	0	0	0	0	0	0	0	0	0	0	0	0	0	
228372	Rolandic_Oper_L	9576	0	15496	0	0	0	6822	0	0	0	13930	0	460	0	0	0	0	0	6124	152	0	0	0	0	0	0	0	0	20026	0	0	0	0	0	0	0	1382	0	0	0	0	0	0	0	0	0	0	0	0	0	1632	0	828	0	350	0	11236	0	532	0	234	0	862	0	326	0	424	0	210	110	392	0	702	0	0	0	234	0	5074	0	11594	0	3594	0	1022	0	0	0	862	0	0	0	0	0	0	0	0	0	0	0	0	0	0	0	0	0	0	0	0	0	0	0	0	0	0	0	
91964	Rolandic_Oper_R	0	1622	260	5786	0	0	0	2972	0	0	0	4220	0	698	0	0	0	0	160	2574	0	0	248	272	0	0	0	0	0	13174	262	618	128	320	0	0	0	90	0	0	0	0	0	0	0	104	0	0	0	346	0	0	0	0	0	0	0	1570	0	292	0	0	0	1270	0	134	0	330	0	0	106	246	0	2402	0	1078	0	112	0	1920	0	2166	0	398	0	104	0	0	0	0	0	0	0	0	0	0	0	0	0	0	0	0	0	0	0	0	0	0	0	0	0	0	0	0	0	0	
922700	Supp_Motor_Area_L	3636	1304	89484	21534	0	0	16082	672	106	0	14878	318	12262	322	5258	204	6124	160	0	61746	0	0	9960	8328	0	500	0	0	35792	662	7800	13868	15230	31184	344	164	3284	134	0	0	0	0	0	0	0	0	0	0	0	0	196	0	186	0	412	0	926	0	204	0	204	0	216	0	190	0	108	0	32058	4742	17682	3474	20592	1236	6472	0	3418	276	606	0	2632	0	3416	0	182	0	0	0	582	0	0	0	0	0	0	0	0	0	0	0	0	0	0	0	0	0	0	0	0	0	0	0	0	0	0	0	
936456	Supp_Motor_Area_R	2584	10090	16230	77578	0	1988	2728	5546	0	0	344	6652	446	2670	156	928	152	2574	61746	0	0	0	6850	19280	0	3298	0	510	834	8230	10756	30168	13500	56978	2768	3656	100	812	0	158	0	164	118	0	0	130	0	0	0	144	0	0	0	0	0	180	496	2592	0	238	148	118	202	134	130	0	170	422	23902	27958	3176	27444	0	19160	0	2350	542	7702	0	0	0	0	0	100	0	96	0	0	0	102	0	0	0	0	0	0	0	0	0	0	0	0	0	0	0	0	0	0	0	0	0	0	0	0	0	0	
89084	Olfactory_L	0	0	154	0	3058	1046	0	0	958	148	0	0	0	0	3330	362	0	0	0	0	0	6480	0	0	828	290	5324	3386	2390	0	2900	2594	0	0	0	0	0	0	568	0	344	0	0	0	0	0	0	0	0	0	0	0	0	0	0	0	0	0	0	0	0	0	0	0	0	0	0	0	0	0	6564	1788	1194	0	0	0	0	0	0	0	0	0	836	0	0	0	0	0	0	0	0	0	0	0	0	0	0	0	0	0	0	0	0	0	0	0	0	0	0	0	0	0	0	0	0	0	
90184	Olfactory_R	0	0	0	0	584	2544	0	0	250	206	0	0	0	0	426	1638	0	0	0	0	6480	0	0	0	392	534	3728	5402	0	2156	2782	3040	0	0	0	0	0	110	0	568	0	724	0	0	0	0	0	0	0	0	0	0	0	0	0	0	0	0	0	0	0	0	0	0	0	0	0	0	0	0	7750	3766	1440	150	0	0	0	0	0	0	0	0	0	422	0	0	0	0	0	0	0	0	0	0	0	0	0	0	0	0	0	0	0	0	0	0	0	0	0	0	0	0	0	0	0	0	
559860	Frontal_Sup_Medial_L	0	0	56132	17898	5040	758	22022	670	146	0	216	624	912	934	502	256	0	248	9960	6850	0	0	0	33012	3194	3154	174	112	2010	644	41002	25376	16988	22620	0	0	0	0	0	0	0	0	0	0	0	0	0	0	0	0	0	0	0	0	0	0	0	0	0	0	0	0	0	0	0	0	0	0	0	0	2030	3248	1672	1526	0	0	0	0	0	0	0	0	0	0	0	0	0	0	0	0	0	0	0	0	0	0	0	0	0	0	0	0	0	0	0	0	0	0	0	0	0	0	0	0	0	0	
576556	Frontal_Sup_Medial_R	106	0	15262	55034	360	5708	5496	5106	0	114	132	2096	184	4540	0	2160	0	272	8328	19280	0	0	33012	0	514	10162	0	938	362	4772	20160	46154	5682	24832	0	0	0	0	0	0	0	0	0	0	0	0	0	0	0	0	0	0	0	0	0	0	0	0	0	0	0	0	0	0	0	0	0	0	0	0	762	10108	0	6642	0	0	0	0	0	0	0	0	0	0	0	0	0	0	0	0	0	0	0	0	0	0	0	0	0	0	0	0	0	0	0	0	0	0	0	0	0	0	0	0	0	0	
55176	Frontal_Med_Orb_L	0	0	1718	0	5474	382	0	0	1134	0	0	0	0	0	122	0	0	0	0	0	828	392	3194	514	0	1072	4402	352	0	0	5918	732	0	0	0	0	0	0	0	0	0	0	0	0	0	0	0	0	0	0	0	0	0	0	0	0	0	0	0	0	0	0	0	0	0	0	0	0	0	0	756	170	428	0	0	0	0	0	0	0	0	0	0	0	0	0	0	0	0	0	0	0	0	0	0	0	0	0	0	0	0	0	0	0	0	0	0	0	0	0	0	0	0	0	0	0	
169916	Frontal_Med_Orb_R	0	0	716	6916	322	10996	102	246	0	98	0	306	0	326	0	432	0	0	500	3298	290	534	3154	10162	1072	0	186	7922	0	298	5416	12974	228	130	0	0	0	0	0	0	0	0	0	0	0	0	0	0	0	0	0	0	0	0	0	0	0	0	0	0	0	0	0	0	0	0	0	0	0	0	708	10660	0	6966	0	0	0	0	0	0	0	0	0	0	0	0	0	0	0	0	0	0	0	0	0	0	0	0	0	0	0	0	0	0	0	0	0	0	0	0	0	0	0	0	0	0	
87676	Rectus_L	0	0	1524	0	8942	436	0	0	3494	0	0	0	0	0	2144	176	0	0	0	0	5324	3728	174	0	4402	186	0	2164	0	0	3710	1640	0	0	0	0	0	0	0	0	0	0	0	0	0	0	0	0	0	0	0	0	0	0	0	0	0	0	0	0	0	0	0	0	0	0	0	0	0	0	4148	678	968	0	0	0	0	0	0	0	0	0	0	0	0	0	0	0	0	0	0	0	0	0	0	0	0	0	0	0	0	0	0	0	0	0	0	0	0	0	0	0	0	0	0	0	
121452	Rectus_R	0	0	0	1096	442	12512	0	138	202	774	0	0	0	552	328	4640	0	0	0	510	3386	5402	112	938	352	7922	2164	0	0	2152	1022	3594	0	0	0	0	0	0	0	0	0	0	0	0	0	0	0	0	0	0	0	0	0	0	0	0	0	0	0	0	0	0	0	0	0	0	0	0	0	0	3478	4450	300	4260	0	0	0	0	0	0	0	0	0	0	0	0	0	0	0	0	0	0	0	0	0	0	0	0	0	0	0	0	0	0	0	0	0	0	0	0	0	0	0	0	0	0	
623732	Insula_L	7374	0	47764	608	3072	0	26068	0	1924	0	20100	0	31826	0	24830	0	20026	0	35792	834	2390	0	2010	362	0	0	0	0	0	0	898	338	944	446	0	0	12128	0	592	0	1254	0	0	0	0	0	0	0	0	0	1682	0	2438	0	2576	0	5500	0	204	0	184	0	374	0	200	0	0	0	1780	128	3242	360	17820	0	150	0	1042	0	8730	0	9288	0	7174	0	2426	0	0	0	4988	0	0	0	0	0	0	0	0	0	0	0	0	0	0	0	0	0	0	0	0	0	0	0	0	0	0	0	
350504	Insula_R	0	6878	528	23018	0	2104	214	12942	0	0	0	13792	0	17076	0	14768	0	13174	662	8230	0	2156	644	4772	0	298	0	2152	0	0	530	4212	248	2294	0	0	0	4162	0	1580	0	818	0	0	0	0	0	0	0	0	0	0	0	0	0	1204	0	2428	0	0	0	0	0	300	0	0	0	0	0	0	206	2694	0	20100	0	492	0	482	0	2012	0	4922	0	912	0	1876	0	0	0	372	0	0	0	0	0	0	0	0	0	0	0	0	0	0	0	0	0	0	0	0	0	0	0	0	0	0	
510728	Cingulum_Ant_L	0	0	25838	16302	3420	708	11552	732	228	0	270	920	592	1020	390	0	0	262	7800	10756	2900	2782	41002	20160	5918	5416	3710	1022	898	530	0	38010	13648	17512	146	0	0	0	0	0	0	0	0	0	0	0	0	0	0	0	0	0	0	0	0	0	0	0	0	0	0	0	0	0	0	0	0	0	0	104	5914	8050	4142	2710	0	0	0	0	0	0	0	0	0	0	0	0	0	0	0	0	0	0	0	0	0	0	0	0	0	0	0	0	0	0	0	0	0	0	0	0	0	0	0	0	0	0	
720036	Cingulum_Ant_R	158	0	11964	51674	240	3400	4822	4058	0	0	204	5142	272	7082	124	1010	0	618	13868	30168	2594	3040	25376	46154	732	12974	1640	3594	338	4212	38010	0	8632	33296	0	0	0	130	0	0	0	0	0	0	0	0	0	0	0	0	0	0	0	0	0	0	0	0	0	0	0	0	0	0	0	0	0	0	0	106	4420	27444	686	11650	0	0	0	186	0	0	0	0	0	0	0	0	0	0	0	0	0	0	0	0	0	0	0	0	0	0	0	0	0	0	0	0	0	0	0	0	0	0	0	0	0	0	
289088	Cingulum_Mid_L	94	286	13780	7538	0	0	6058	126	0	0	134	218	592	208	374	0	0	128	15230	13500	0	0	16988	5682	0	228	0	0	944	248	13648	8632	0	27462	1366	598	0	0	0	0	0	0	462	0	316	0	100	0	492	0	406	0	0	0	0	0	0	0	0	0	0	0	0	0	0	0	2312	538	3646	442	788	412	416	152	0	0	0	0	0	0	0	0	0	0	0	0	0	0	0	0	0	0	0	0	0	0	0	0	0	0	0	0	0	0	0	0	0	0	0	0	0	0	0	0	0	0	
647088	Cingulum_Mid_R	710	1668	11906	28394	0	0	5880	2354	0	0	140	732	252	2216	144	1176	0	320	31184	56978	0	0	22620	24832	0	130	0	0	446	2294	17512	33296	27462	0	1932	6972	0	0	0	0	0	0	0	1680	0	914	0	0	0	528	0	664	0	114	0	104	0	1536	0	0	0	0	0	0	0	0	474	5412	11860	15452	836	536	358	1304	0	0	96	0	0	0	0	0	0	0	0	0	0	0	0	0	0	0	0	0	0	0	0	0	0	0	0	0	0	0	0	0	0	0	0	0	126	0	0	0	0	0	
136072	Cingulum_Post_L	2882	3152	0	0	0	0	116	0	0	0	0	0	0	0	0	0	0	0	344	2768	0	0	0	0	0	0	0	0	0	0	146	0	1366	1932	0	10260	5350	3174	2296	664	0	0	3974	0	0	124	3514	90	118	0	922	0	226	0	142	0	172	1812	0	0	0	0	0	0	0	0	5424	1246	8426	3540	0	0	0	0	0	0	608	1988	130	0	116	0	0	0	142	0	0	0	246	0	0	0	0	0	0	0	446	0	0	0	0	0	0	0	0	0	0	0	0	0	180	0	0	0	0	0	
144104	Cingulum_Post_R	1840	2928	0	0	0	0	116	0	0	0	0	0	0	0	0	0	0	0	164	3656	0	0	0	0	0	0	0	0	0	0	0	0	598	6972	10260	0	4886	3970	1812	980	0	0	670	1628	0	234	570	1118	0	0	0	0	0	94	0	268	0	5038	0	0	0	0	0	0	0	0	1816	8388	1590	8908	0	0	0	0	0	0	682	2142	130	0	0	0	0	0	0	0	0	0	0	0	0	0	0	0	0	0	250	0	0	0	0	0	0	0	0	0	0	0	0	0	344	0	0	0	0	0	
247156	Hippocampus_L	12908	694	5154	0	0	0	810	0	0	0	330	0	0	0	0	0	1382	0	3284	100	0	0	0	0	0	0	0	0	12128	0	0	0	0	0	5350	4886	0	3216	8818	418	5618	0	1010	0	0	0	1808	0	0	0	306	0	1252	0	8310	0	3450	0	0	0	186	0	0	0	128	0	2268	534	4046	0	362	0	11420	0	722	0	3278	2218	3012	0	1860	0	1304	0	1654	0	146	0	8826	0	0	0	0	0	0	0	382	0	0	0	0	0	0	0	0	0	0	0	0	0	0	0	0	0	0	0	
203440	Hippocampus_R	974	6622	0	922	0	0	104	358	0	0	0	864	0	186	0	652	0	90	134	812	0	110	0	0	0	0	0	0	0	4162	0	130	0	0	3174	3970	3216	0	1430	13892	0	9282	414	262	0	0	410	2448	0	0	0	0	0	0	0	17782	0	120	0	0	0	0	0	0	0	0	816	2446	332	0	0	414	0	7712	0	0	742	3638	0	160	0	1052	0	732	0	2204	0	0	0	7256	0	0	0	0	0	0	176	1242	0	0	0	0	0	0	0	0	0	0	0	0	278	0	0	0	0	0	
63568	ParaHippocampal_L	1004	0	0	0	0	0	0	0	0	0	0	0	0	0	202	0	0	0	0	0	568	0	0	0	0	0	0	0	592	0	0	0	0	0	2296	1812	8818	1430	0	170	1066	0	976	0	0	0	2934	0	0	0	0	0	0	0	2008	0	518	0	0	0	0	0	0	0	0	0	2516	528	0	0	0	0	1868	0	0	0	134	440	0	0	0	0	444	0	0	0	0	0	776	0	0	0	0	0	0	0	684	0	0	0	0	0	0	0	0	0	0	0	0	0	0	0	0	0	0	0	
112368	ParaHippocampal_R	164	380	0	176	0	0	0	0	0	0	0	128	0	0	0	150	0	0	0	158	0	568	0	0	0	0	0	0	0	1580	0	0	0	0	664	980	418	13892	170	0	0	4086	228	584	0	0	192	5078	0	0	0	0	0	0	0	13788	0	0	0	0	0	0	0	0	0	0	0	2158	0	0	0	0	0	1686	0	0	0	592	0	0	0	254	0	1136	0	482	0	254	0	2594	0	100	0	0	0	116	90	3004	0	108	0	0	0	0	0	0	0	0	0	0	226	0	0	0	0	0	
29436	Amygdala_L	0	0	0	0	114	0	0	0	0	0	0	0	0	0	0	0	0	0	0	0	344	0	0	0	0	0	0	0	1254	0	0	0	0	0	0	0	5618	0	1066	0	0	0	0	0	0	0	0	0	0	0	0	0	0	0	2270	0	0	0	0	0	0	0	0	0	0	0	0	0	0	0	0	0	284	0	0	0	0	0	0	0	0	0	694	0	518	0	148	0	2408	0	0	0	0	0	0	0	0	0	0	0	0	0	0	0	0	0	0	0	0	0	0	0	0	0	0	0	
48908	Amygdala_R	0	0	0	0	0	0	0	0	0	0	0	0	0	0	0	0	0	0	0	164	0	724	0	0	0	0	0	0	0	818	0	0	0	0	0	0	0	9282	0	4086	0	0	0	0	0	0	0	0	0	0	0	0	0	0	0	5440	0	0	0	0	0	0	0	0	0	0	0	0	0	0	0	0	0	700	0	0	0	0	0	0	0	0	0	1046	0	0	0	0	0	2194	0	0	0	0	0	0	0	0	0	0	0	0	0	0	0	0	0	0	0	0	0	0	0	0	0	0	
278372	Calcarine_L	176	0	0	0	0	0	0	0	0	0	0	0	0	0	0	0	0	0	0	118	0	0	0	0	0	0	0	0	0	0	0	0	462	0	3974	670	1010	414	976	228	0	0	0	6978	13914	4130	15282	2540	14046	1880	25790	646	10240	358	2482	246	1096	0	1934	0	1738	0	140	0	436	0	19628	636	1340	106	0	0	0	0	0	0	0	0	0	0	248	0	0	0	1072	0	0	0	3436	0	0	0	0	0	0	0	472	0	136	0	0	0	0	0	0	0	0	0	0	0	208	0	0	0	0	0	
402828	Calcarine_R	0	130	0	0	0	0	0	0	0	0	0	0	0	0	0	0	0	0	0	0	0	0	0	0	0	0	0	0	0	0	0	0	0	1680	0	1628	0	262	0	584	0	0	6978	0	4196	35448	914	18824	1210	33776	180	17522	0	10438	0	16708	0	7484	0	3766	0	1210	0	0	0	0	3272	28584	0	3082	0	0	0	0	0	0	0	0	0	0	0	0	0	0	0	1922	0	0	0	1384	0	0	0	0	0	0	0	232	0	0	0	0	0	0	0	0	0	0	0	0	0	0	0	0	0	0	
131400	Cuneus_L	0	0	0	0	0	0	0	0	0	0	0	0	0	0	0	0	0	0	0	0	0	0	0	0	0	0	0	0	0	0	0	0	316	0	0	0	0	0	0	0	0	0	13914	4196	0	5922	1498	0	17172	1816	8202	90	386	0	194	0	454	0	2150	0	820	0	0	0	96	0	7298	688	108	0	0	0	0	0	0	0	0	0	0	0	118	0	0	0	138	0	0	0	124	0	0	0	0	0	0	0	0	0	0	0	0	0	0	0	0	0	0	0	0	0	0	0	0	0	0	0	
369312	Cuneus_R	0	282	0	0	0	0	0	0	0	0	0	154	0	0	0	0	0	104	0	130	0	0	0	0	0	0	0	0	0	0	0	0	0	914	124	234	0	0	0	0	0	0	4130	35448	5922	0	0	4556	2114	42596	634	14016	0	4982	0	8390	0	3880	0	11660	0	992	0	0	0	246	7146	31784	0	1122	0	0	0	0	0	0	0	0	0	0	0	0	0	0	0	2510	0	0	0	586	0	0	0	0	0	0	0	0	0	0	0	0	0	0	0	0	0	0	0	0	0	0	0	0	0	0	
223172	Lingual_L	0	0	0	0	0	0	0	0	0	0	0	0	0	0	0	0	0	0	0	0	0	0	0	0	0	0	0	0	0	0	0	0	100	0	3514	570	1808	410	2934	192	0	0	15282	914	1498	0	0	1616	3498	104	13332	0	8064	130	14612	532	0	0	278	0	0	0	0	0	0	0	7540	178	762	0	0	0	0	0	0	0	0	0	0	0	0	0	0	0	0	0	0	0	326	0	5948	312	118	0	106	0	8966	980	12198	1054	0	0	208	0	0	0	0	0	0	0	1638	1658	206	0	0	0	
231776	Lingual_R	0	124	0	0	0	0	0	0	0	0	0	0	0	0	0	0	0	0	0	0	0	0	0	0	0	0	0	0	0	0	0	0	0	0	90	1118	0	2448	0	5078	0	0	2540	18824	0	4556	1616	0	0	6202	0	3714	0	5344	436	23850	0	1270	0	102	0	0	0	0	0	0	494	7678	0	436	0	0	0	0	0	0	0	0	0	0	0	0	0	0	0	406	0	0	0	1698	2020	2362	460	878	0	120	710	5136	2728	4096	0	0	0	0	102	0	0	0	0	0	2358	5180	1714	0	0	0	
184844	Occipital_Sup_L	0	0	0	0	0	0	0	0	0	0	0	0	0	0	0	0	0	0	0	0	0	0	0	0	0	0	0	0	0	0	0	0	492	0	118	0	0	0	0	0	0	0	14046	1210	17172	2114	3498	0	0	840	27526	0	2620	0	2184	0	0	0	5272	0	1286	0	398	0	1118	0	10812	176	0	0	0	0	0	0	0	0	0	0	0	0	190	0	0	0	876	0	0	0	474	0	0	0	0	0	0	0	0	0	0	0	0	0	0	0	0	0	0	0	0	0	0	0	0	0	0	0	
426728	Occipital_Sup_R	0	628	0	0	0	0	0	0	0	0	0	256	0	0	0	0	0	346	0	144	0	0	0	0	0	0	0	0	0	0	0	0	0	528	0	0	0	0	0	0	0	0	1880	33776	1816	42596	104	6202	840	0	142	31628	0	9066	0	13002	0	4458	0	17188	0	3240	0	426	0	4914	5294	27912	0	810	0	0	0	0	0	0	0	0	0	324	0	622	0	0	0	4502	0	0	0	720	0	0	0	0	0	0	0	0	0	0	0	0	0	0	0	0	0	0	0	0	0	0	0	0	0	0	
484184	Occipital_Mid_L	488	0	326	0	0	0	0	0	0	0	0	0	0	0	0	0	1632	0	196	0	0	0	0	0	0	0	0	0	1682	0	0	0	406	0	922	0	306	0	0	0	0	0	25790	180	8202	634	13332	0	27526	142	0	0	25936	0	8892	0	2594	0	18596	0	18550	0	3176	0	26710	0	15156	0	4444	0	0	0	298	0	0	0	0	0	880	0	4402	0	0	0	19208	0	0	0	11268	0	0	0	0	0	0	0	0	0	218	0	0	0	0	0	0	0	0	0	0	0	0	0	0	0	0	0	
294748	Occipital_Mid_R	0	170	0	0	0	0	0	0	0	0	0	0	0	0	0	0	0	0	0	0	0	0	0	0	0	0	0	0	0	0	0	0	0	664	0	0	0	0	0	0	0	0	646	17522	90	14016	0	3714	0	31628	0	0	0	9888	0	6080	0	3466	0	9290	0	6428	0	298	0	13722	2438	14706	0	1006	0	0	0	0	0	0	0	0	0	0	0	1168	0	0	0	9738	0	0	0	696	0	0	0	0	0	0	0	0	0	0	0	0	0	0	0	0	0	0	0	0	0	0	0	0	0	0	
206748	Occipital_Inf_L	2344	0	274	0	0	0	94	0	0	0	0	0	0	0	0	0	828	0	186	0	0	0	0	0	0	0	0	0	2438	0	0	0	0	0	226	0	1252	0	0	0	0	0	10240	0	386	0	8064	0	2620	0	25936	0	0	0	11916	0	2234	0	642	0	1000	0	2250	0	1274	0	4772	0	2408	0	0	0	284	0	0	0	0	0	2636	0	1074	0	0	0	5544	0	0	0	12160	0	0	0	0	0	0	0	0	0	292	0	0	0	0	0	0	0	0	0	0	0	0	0	0	0	0	0	
130472	Occipital_Inf_R	0	184	0	0	0	0	0	0	0	0	0	0	0	0	0	0	0	0	0	0	0	0	0	0	0	0	0	0	0	0	0	0	0	114	0	94	0	0	0	0	0	0	358	10438	0	4982	130	5344	0	9066	0	9888	0	0	0	11316	0	1692	0	1166	0	140	0	0	0	0	492	4554	0	354	0	0	0	0	0	0	0	0	0	0	0	0	0	0	0	1554	0	0	0	3370	0	0	0	0	0	0	0	0	0	0	0	0	0	0	0	0	0	0	0	0	0	0	0	0	0	0	
271632	Fusiform_L	476	0	508	0	0	0	0	0	0	0	0	0	0	0	0	0	350	0	412	0	0	0	0	0	0	0	0	0	2576	0	0	0	0	0	142	0	8310	0	2008	0	2270	0	2482	0	194	0	14612	436	2184	0	8892	0	11916	0	0	348	256	0	400	0	240	0	90	0	278	0	1002	0	378	0	0	0	588	0	0	0	134	0	1450	0	1968	0	556	0	3700	0	180	0	15708	0	14472	204	370	0	314	0	8600	638	22272	504	164	0	0	0	0	0	0	0	0	0	1486	1748	0	0	0	0	
444620	Fusiform_R	0	576	0	136	0	0	0	0	0	0	0	208	0	0	0	188	0	0	0	180	0	0	0	0	0	0	0	0	0	1204	0	0	0	104	0	268	0	17782	0	13788	0	5440	246	16708	0	8390	532	23850	0	13002	0	6080	0	11316	348	0	0	1878	0	3378	0	160	0	0	0	0	676	9490	0	320	0	0	0	1794	0	0	0	346	0	0	0	1704	0	2442	0	3770	0	528	0	19488	1240	13116	134	1140	0	706	2328	8288	2290	16998	0	0	0	390	208	0	0	0	0	0	3788	4110	1254	0	0	0	
241228	Postcentral_L	27430	0	6002	0	0	0	4244	0	0	0	3382	0	0	0	0	0	11236	0	926	496	0	0	0	0	0	0	0	0	5500	0	0	0	0	0	172	0	3450	0	518	0	0	0	1096	0	454	0	0	0	0	0	2594	0	2234	0	256	0	0	0	6280	0	16738	0	6144	0	1118	0	4100	0	3468	394	1104	0	2744	0	0	0	1586	0	3270	0	3158	0	0	0	130	0	0	0	390	0	0	0	0	0	0	0	0	0	0	0	0	0	0	0	0	0	0	0	0	0	0	0	0	0	0	0	
208824	Postcentral_R	262	14384	0	258	0	0	0	0	0	0	0	422	0	0	0	0	0	1570	0	2592	0	0	0	0	0	0	0	0	0	2428	0	0	0	1536	1812	5038	0	120	0	0	0	0	0	7484	0	3880	0	1270	0	4458	0	3466	0	1692	0	1878	0	0	0	5318	0	5862	0	8582	0	438	288	13034	858	9604	0	0	0	376	0	128	0	0	0	214	0	952	0	0	0	1670	0	0	0	2538	0	0	0	0	0	0	0	0	0	0	0	0	0	0	0	0	0	0	0	0	0	0	0	0	0	0	
146436	Parietal_Sup_L	442	0	152	0	0	0	0	0	0	0	0	0	0	0	0	0	532	0	204	0	0	0	0	0	0	0	0	0	204	0	0	0	0	0	0	0	0	0	0	0	0	0	1934	0	2150	0	278	0	5272	0	18596	0	642	0	400	0	6280	0	0	0	15412	0	192	0	6724	0	11742	144	480	0	0	0	0	0	0	0	0	0	0	0	636	0	0	0	412	0	0	0	390	0	0	0	0	0	0	0	0	0	0	0	0	0	0	0	0	0	0	0	0	0	0	0	0	0	0	0	
202704	Parietal_Sup_R	0	610	0	0	0	0	0	0	0	0	0	138	0	0	0	0	0	292	0	238	0	0	0	0	0	0	0	0	0	0	0	0	0	0	0	0	0	0	0	0	0	0	0	3766	0	11660	0	102	0	17188	0	9290	0	1166	0	3378	0	5318	0	0	0	14716	0	3788	0	11504	1014	15796	0	196	0	0	0	0	0	0	0	0	0	94	0	160	0	0	0	810	0	0	0	128	0	0	0	0	0	0	0	0	0	0	0	0	0	0	0	0	0	0	0	0	0	0	0	0	0	0	
204428	Parietal_Inf_L	1566	0	390	0	0	0	108	0	0	0	0	0	0	0	0	0	234	0	204	148	0	0	0	0	0	0	0	0	184	0	0	0	0	0	0	0	186	0	0	0	0	0	1738	0	820	0	0	0	1286	0	18550	0	1000	0	240	0	16738	0	15412	0	0	0	13884	0	19646	0	2544	0	768	114	0	0	122	0	0	0	0	0	0	0	2222	0	0	0	3398	0	0	0	712	0	0	0	0	0	0	0	0	0	0	0	0	0	0	0	0	0	0	0	0	0	0	0	0	0	0	0	
153244	Parietal_Inf_R	0	1038	0	0	0	0	0	0	0	0	0	0	0	0	0	0	0	0	0	118	0	0	0	0	0	0	0	0	0	0	0	0	0	0	0	0	0	0	0	0	0	0	0	1210	0	992	0	0	0	3240	0	6428	0	140	0	160	0	5862	0	14716	0	0	0	10096	0	19722	378	2370	0	0	0	0	0	0	0	0	0	0	0	0	0	250	0	0	0	7254	0	0	0	2648	0	0	0	0	0	0	0	0	0	0	0	0	0	0	0	0	0	0	0	0	0	0	0	0	0	0	
128524	SupraMarginal_L	0	0	396	0	0	0	0	0	0	0	0	0	0	0	0	0	862	0	216	202	0	0	0	0	0	0	0	0	374	0	0	0	0	0	0	0	0	0	0	0	0	0	140	0	0	0	0	0	398	0	3176	0	2250	0	90	0	6144	0	192	0	13884	0	0	0	11442	0	432	0	398	172	0	0	0	0	0	0	0	0	378	0	8684	0	0	0	11494	0	0	0	2938	0	0	0	0	0	0	0	0	0	0	0	0	0	0	0	0	0	0	0	0	0	0	0	0	0	0	0	
74584	SupraMarginal_R	0	1216	0	0	0	0	0	0	0	0	0	0	0	0	0	0	0	1270	0	134	0	0	0	0	0	0	0	0	0	300	0	0	0	0	0	0	0	0	0	0	0	0	0	0	0	0	0	0	0	426	0	298	0	0	0	0	0	8582	0	3788	0	10096	0	0	0	3524	0	178	0	0	0	142	0	110	0	0	0	0	0	98	0	3516	0	0	0	1616	0	0	0	1998	0	0	0	0	0	0	0	0	0	0	0	0	0	0	0	0	0	0	0	0	0	0	0	0	0	0	
192012	Angular_L	162	0	204	0	0	0	0	0	0	0	0	0	0	0	0	0	326	0	190	130	0	0	0	0	0	0	0	0	200	0	0	0	0	0	0	0	128	0	0	0	0	0	436	0	96	0	0	0	1118	0	26710	0	1274	0	278	0	1118	0	6724	0	19646	0	11442	0	0	0	2044	0	594	96	0	0	102	0	0	0	0	0	0	0	2708	0	0	0	16252	0	0	0	4028	0	0	0	0	0	0	0	0	0	0	0	0	0	0	0	0	0	0	0	0	0	0	0	0	0	0	0	
133392	Angular_R	0	366	0	0	0	0	0	0	0	0	0	0	0	0	0	0	0	134	0	0	0	0	0	0	0	0	0	0	0	0	0	0	0	0	0	0	0	0	0	0	0	0	0	0	0	246	0	0	0	4914	0	13722	0	0	0	0	0	438	0	11504	0	19722	0	3524	0	0	0	152	0	0	0	0	0	0	0	0	0	0	0	156	0	2972	0	0	0	7254	0	0	0	1592	0	0	0	0	0	0	0	0	0	0	0	0	0	0	0	0	0	0	0	0	0	0	0	0	0	0	
294772	Precuneus_L	360	106	0	0	0	0	0	0	0	0	0	0	0	0	0	0	424	0	108	170	0	0	0	0	0	0	0	0	0	0	0	0	2312	474	5424	1816	2268	816	2516	0	0	0	19628	3272	7298	7146	7540	494	10812	5294	15156	2438	4772	492	1002	676	4100	288	11742	1014	2544	378	432	0	2044	0	0	11570	3678	438	0	0	0	0	0	0	0	0	0	0	940	0	0	0	1022	1552	0	0	2252	0	0	0	0	0	0	0	404	0	0	0	0	0	0	0	0	0	0	0	0	0	174	0	0	0	0	0	
417976	Precuneus_R	0	560	0	0	0	0	0	0	0	0	0	200	0	0	0	0	0	330	0	422	0	0	0	0	0	0	0	0	0	0	0	0	538	5412	1246	8388	534	2446	528	2158	0	0	636	28584	688	31784	178	7678	176	27912	0	14706	0	4554	0	9490	0	13034	144	15796	0	2370	0	178	0	152	11570	0	160	9192	0	0	0	0	0	0	0	160	0	0	0	0	0	0	0	3574	0	0	0	2008	0	0	0	0	0	0	0	718	0	0	0	0	0	0	0	0	0	0	0	0	784	0	0	0	0	0	
388876	Paracentral_Lobule_L	23710	4776	9766	140	0	0	2504	0	0	0	0	0	0	0	0	0	210	0	32058	23902	0	0	0	0	0	0	0	0	1780	0	0	0	3646	11860	8426	1590	4046	332	0	0	0	0	1340	0	108	0	762	0	0	0	4444	0	2408	0	378	0	3468	858	480	0	768	0	398	0	594	0	3678	160	0	11372	6754	344	6164	98	6414	0	11918	494	352	0	404	0	0	0	704	0	0	0	830	0	0	0	0	0	0	0	0	0	0	0	0	0	0	0	0	0	0	0	0	0	0	0	0	0	0	0	
238740	Paracentral_Lobule_R	1372	10068	1018	0	0	0	0	0	0	0	0	0	0	0	0	0	110	0	4742	27958	0	0	0	0	0	0	0	0	128	0	104	106	442	15452	3540	8908	0	0	0	0	0	0	106	3082	0	1122	0	436	0	810	0	1006	0	354	0	320	394	9604	0	196	114	0	172	0	96	0	438	9192	11372	0	386	3666	0	0	0	0	184	1096	0	0	0	0	0	0	0	500	0	0	0	646	0	0	0	0	0	0	0	0	0	0	0	0	0	0	0	0	0	0	0	0	130	0	0	0	0	0	
270880	Caudate_L	5262	238	13900	2876	1252	1302	6122	0	506	158	3662	288	2404	0	1172	424	392	106	17682	3176	6564	7750	2030	762	756	708	4148	3478	3242	206	5914	4420	788	836	0	0	362	0	0	0	0	0	0	0	0	0	0	0	0	0	0	0	0	0	0	0	1104	0	0	0	0	0	0	0	0	0	0	0	6754	386	0	9168	9546	360	952	0	3856	162	122	0	0	0	144	0	0	0	0	0	0	0	0	0	0	0	0	0	0	0	0	0	0	0	0	0	0	0	0	0	0	0	0	0	0	0	0	0	
400484	Caudate_R	806	4268	3648	21256	0	5708	1854	1030	0	90	956	3436	278	2468	0	588	0	246	3474	27444	1788	3766	3248	10108	170	10660	678	4450	360	2694	8050	27444	412	536	0	0	0	414	0	0	0	0	0	0	0	0	0	0	0	0	0	0	0	0	0	0	0	0	0	0	0	0	0	142	0	0	0	0	344	3666	9168	0	1220	16622	0	2864	200	13036	0	0	0	0	0	0	0	356	0	0	0	296	0	0	0	0	0	0	0	0	0	0	0	0	0	0	0	0	0	0	0	0	0	0	0	0	0	0	
304560	Putamen_L	6132	0	28194	0	5378	0	4536	0	686	0	1298	0	3626	0	5884	0	702	0	20592	0	1194	1440	1672	0	428	0	968	300	17820	0	4142	686	416	358	0	0	11420	0	1868	0	284	0	0	0	0	0	0	0	0	0	298	0	284	0	588	0	2744	0	0	0	122	0	0	0	102	0	0	0	6164	0	9546	1220	0	0	5812	0	1900	0	318	0	904	0	1178	0	272	0	0	0	804	0	0	0	0	0	0	0	0	0	0	0	0	0	0	0	0	0	0	0	0	0	0	0	0	0	0	0	
339704	Putamen_R	0	3764	536	23836	0	6078	130	6446	0	164	0	5484	0	2894	0	3338	0	2402	1236	19160	0	150	1526	6642	0	6966	0	4260	0	20100	2710	11650	152	1304	0	0	0	7712	0	1686	0	700	0	0	0	0	0	0	0	0	0	0	0	0	0	1794	0	376	0	0	0	0	0	110	0	0	0	0	98	0	360	16622	0	0	0	4884	206	2050	0	106	0	794	0	168	0	514	0	0	0	744	0	0	0	0	0	0	0	0	0	0	0	0	0	0	0	0	0	0	0	0	0	0	0	0	0	0	
51816	Pallidum_L	252	0	3500	0	0	0	0	0	0	0	0	0	0	0	0	0	0	0	6472	0	0	0	0	0	0	0	0	0	150	0	0	0	0	0	0	0	722	0	0	0	0	0	0	0	0	0	0	0	0	0	0	0	0	0	0	0	0	0	0	0	0	0	0	0	0	0	0	0	6414	0	952	0	5812	0	0	0	1634	0	0	0	0	0	0	0	0	0	0	0	0	0	0	0	0	0	0	0	0	0	0	0	0	0	0	0	0	0	0	0	0	0	0	0	0	0	0	0	
28004	Pallidum_R	0	178	0	1398	0	0	0	0	0	0	0	148	0	0	0	0	0	1078	0	2350	0	0	0	0	0	0	0	0	0	492	0	0	0	0	0	0	0	0	0	0	0	0	0	0	0	0	0	0	0	0	0	0	0	0	0	0	0	128	0	0	0	0	0	0	0	0	0	0	0	0	0	2864	0	4884	0	0	0	290	0	0	0	0	0	0	0	0	0	0	0	192	0	0	0	0	0	0	0	0	0	0	0	0	0	0	0	0	0	0	0	0	0	0	0	0	0	0	
116484	Thalamus_L	11792	1280	2762	772	0	0	5346	556	0	0	0	0	0	0	0	0	234	0	3418	542	0	0	0	0	0	0	0	0	1042	0	0	0	0	96	608	682	3278	742	134	0	0	0	0	0	0	0	0	0	0	0	0	0	0	0	134	0	1586	0	0	0	0	0	0	0	0	0	0	0	11918	184	3856	200	1900	206	1634	0	0	2852	140	0	108	0	0	0	0	0	0	0	140	100	0	0	0	0	0	0	0	0	0	0	0	0	0	0	0	0	0	0	0	0	0	0	0	0	0	0	
112216	Thalamus_R	948	13640	136	776	0	0	0	0	0	0	0	0	0	0	0	0	0	112	276	7702	0	0	0	0	0	0	0	0	0	482	0	186	0	0	1988	2142	2218	3638	440	592	0	0	0	0	0	0	0	0	0	0	0	0	0	0	0	346	0	0	0	0	0	0	0	0	0	0	0	160	494	1096	162	13036	0	2050	0	290	2852	0	0	0	0	182	0	0	0	164	0	0	0	0	0	0	0	0	0	0	0	0	0	0	0	0	0	0	0	0	0	0	0	0	0	0	0	0	0	0	
84044	Heschl_L	5144	0	1656	0	0	0	820	0	0	0	786	0	0	0	0	0	5074	0	606	0	0	0	0	0	0	0	0	0	8730	0	0	0	0	0	130	130	3012	0	0	0	0	0	0	0	0	0	0	0	0	0	880	0	2636	0	1450	0	3270	0	0	0	0	0	378	0	0	0	0	0	352	0	122	0	318	0	0	0	140	0	0	0	2776	0	0	0	2200	0	0	0	1412	0	0	0	0	0	0	0	0	0	0	0	0	0	0	0	0	0	0	0	0	0	0	0	0	0	0	0	
19272	Heschl_R	0	174	0	244	0	0	0	156	0	0	0	0	0	0	0	0	0	1920	0	0	0	0	0	0	0	0	0	0	0	2012	0	0	0	0	0	0	0	160	0	0	0	0	0	0	0	0	0	0	0	324	0	0	0	0	0	0	0	214	0	94	0	0	0	98	0	156	0	0	0	0	0	0	0	106	0	0	0	0	0	0	0	3322	0	0	0	656	0	0	0	0	0	0	0	0	0	0	0	0	0	0	0	0	0	0	0	0	0	0	0	0	0	0	0	0	0	0	
212592	Temporal_Sup_L	2244	0	5424	0	0	0	1992	0	0	0	3514	0	0	0	0	0	11594	0	2632	0	0	0	0	0	0	0	0	0	9288	0	0	0	0	0	116	0	1860	0	0	0	0	0	248	0	118	0	0	0	190	0	4402	0	1074	0	1968	0	3158	0	636	0	2222	0	8684	0	2708	0	940	0	404	0	0	0	904	0	0	0	108	0	2776	0	0	0	2934	0	23336	0	0	0	10822	0	0	0	0	0	0	0	0	0	0	0	0	0	0	0	0	0	0	0	0	0	0	0	0	0	0	0	
89180	Temporal_Sup_R	0	862	0	216	0	0	0	136	0	0	0	102	0	0	0	0	0	2166	0	0	0	0	0	0	0	0	0	0	0	4922	0	0	0	0	0	0	0	1052	0	254	0	0	0	0	0	0	0	0	0	622	0	1168	0	0	0	1704	0	952	0	160	0	250	0	3516	0	2972	0	0	0	0	0	0	0	794	0	0	0	182	0	3322	0	0	0	1934	0	12854	0	0	0	4450	0	0	0	0	0	0	0	0	0	0	0	0	0	0	0	0	0	0	0	0	0	0	0	0	0	0	
81656	Temporal_Pole_Sup_L	0	0	4412	0	292	0	232	0	182	0	4592	0	1280	0	1834	0	3594	0	3416	0	836	0	0	0	0	0	0	0	7174	0	0	0	0	0	0	0	1304	0	444	0	694	0	0	0	0	0	0	0	0	0	0	0	0	0	556	0	0	0	0	0	0	0	0	0	0	0	0	0	0	0	144	0	1178	0	0	0	0	0	0	0	2934	0	0	0	3094	0	1204	0	1432	0	0	0	0	0	0	0	0	0	0	0	0	0	0	0	0	0	0	0	0	0	0	0	0	0	0	0	
29416	Temporal_Pole_Sup_R	0	0	0	190	0	0	0	112	0	0	0	0	0	0	0	118	0	398	0	100	0	422	0	0	0	0	0	0	0	912	0	0	0	0	0	0	0	732	0	1136	0	1046	0	0	0	0	0	0	0	0	0	0	0	0	0	2442	0	0	0	0	0	0	0	0	0	0	0	0	0	0	0	0	0	168	0	0	0	0	0	0	0	1934	0	0	0	1052	0	1072	0	2874	0	0	0	0	0	0	0	0	0	0	0	0	0	0	0	0	0	0	0	0	0	0	0	0	0	0	
259756	Temporal_Mid_L	150	0	324	0	0	0	0	0	0	0	0	0	0	0	0	0	1022	0	182	0	0	0	0	0	0	0	0	0	2426	0	0	0	0	0	142	0	1654	0	0	0	518	0	1072	0	138	0	0	0	876	0	19208	0	5544	0	3700	0	130	0	412	0	3398	0	11494	0	16252	0	1022	0	704	0	0	0	272	0	0	0	0	0	2200	0	23336	0	3094	0	0	0	1928	0	28680	0	0	0	0	0	0	0	0	0	0	0	0	0	0	0	0	0	0	0	0	0	0	0	0	0	0	0	
171596	Temporal_Mid_R	0	654	0	0	0	0	0	0	0	0	0	0	0	0	0	0	0	104	0	96	0	0	0	0	0	0	0	0	0	1876	0	0	0	0	0	0	0	2204	0	482	0	0	0	1922	0	2510	0	406	0	4502	0	9738	0	1554	0	3770	0	1670	0	810	0	7254	0	1616	0	7254	1552	3574	0	500	0	356	0	514	0	0	0	164	0	656	0	12854	0	1052	0	0	0	278	0	15876	0	0	0	0	0	0	0	0	0	0	0	0	0	0	0	0	0	0	0	0	0	0	0	0	0	0	
10184	Temporal_Pole_Mid_L	0	0	0	0	0	0	0	0	0	0	0	0	0	0	0	0	0	0	0	0	0	0	0	0	0	0	0	0	0	0	0	0	0	0	0	0	146	0	0	0	148	0	0	0	0	0	0	0	0	0	0	0	0	0	180	0	0	0	0	0	0	0	0	0	0	0	0	0	0	0	0	0	0	0	0	0	0	0	0	0	0	0	1204	0	1928	0	0	0	1486	0	0	0	0	0	0	0	0	0	0	0	0	0	0	0	0	0	0	0	0	0	0	0	0	0	0	0	
5360	Temporal_Pole_Mid_R	0	0	0	0	0	0	0	0	0	0	0	0	0	0	0	0	0	0	0	0	0	0	0	0	0	0	0	0	0	0	0	0	0	0	0	0	0	0	0	254	0	0	0	0	0	0	0	0	0	0	0	0	0	0	0	528	0	0	0	0	0	0	0	0	0	0	0	0	0	0	0	0	0	0	0	0	0	0	0	0	0	0	0	1072	0	278	0	0	0	548	0	0	0	0	0	0	0	0	0	0	0	0	0	0	0	0	0	0	0	0	0	0	0	0	0	0	
257824	Temporal_Inf_L	448	0	834	0	0	0	0	0	0	0	0	0	0	0	0	0	862	0	582	0	0	0	0	0	0	0	0	0	4988	0	0	0	0	0	246	0	8826	0	776	0	2408	0	3436	0	124	0	326	0	474	0	11268	0	12160	0	15708	0	390	0	390	0	712	0	2938	0	4028	0	2252	0	830	0	0	0	804	0	0	0	140	0	1412	0	10822	0	1432	0	28680	0	1486	0	0	0	4844	0	524	0	256	0	684	0	2666	0	156	0	0	0	0	0	0	0	0	0	0	0	0	0	0	0	
160248	Temporal_Inf_R	0	986	0	0	0	0	0	0	0	0	0	0	0	0	0	0	0	0	0	102	0	0	0	0	0	0	0	0	0	372	0	0	0	0	0	0	0	7256	0	2594	0	2194	0	1384	0	586	0	1698	0	720	0	696	0	3370	0	19488	0	2538	0	128	0	2648	0	1998	0	1592	0	2008	0	646	0	296	0	744	0	192	100	0	0	0	0	4450	0	2874	0	15876	0	548	0	0	0	1478	0	190	0	0	0	372	0	0	0	0	0	0	0	0	0	0	0	0	0	0	0	0	0	0	
289092	Cerebelum_Crus1_L	0	0	0	0	0	0	0	0	0	0	0	0	0	0	0	0	0	0	0	0	0	0	0	0	0	0	0	0	0	0	0	0	0	0	0	0	0	0	0	0	0	0	0	0	0	0	5948	2020	0	0	0	0	0	0	14472	1240	0	0	0	0	0	0	0	0	0	0	0	0	0	0	0	0	0	0	0	0	0	0	0	0	0	0	0	0	0	0	0	0	4844	0	0	1078	24044	922	1176	102	13950	1092	39502	2050	7504	0	10290	710	2418	352	812	0	0	0	2326	4312	2050	602	624	106	
293504	Cerebelum_Crus1_R	0	0	0	0	0	0	0	0	0	0	0	0	0	0	0	0	0	0	0	0	0	0	0	0	0	0	0	0	0	0	0	0	0	0	0	0	0	0	0	100	0	0	0	0	0	0	312	2362	0	0	0	0	0	0	204	13116	0	0	0	0	0	0	0	0	0	0	0	0	0	0	0	0	0	0	0	0	0	0	0	0	0	0	0	0	0	0	0	0	0	1478	1078	0	486	29282	0	2162	2110	8748	2350	40044	0	4076	0	13636	162	2052	0	0	154	1176	4734	7040	7678	1210	1002	0	
185216	Cerebelum_Crus2_L	0	0	0	0	0	0	0	0	0	0	0	0	0	0	0	0	0	0	0	0	0	0	0	0	0	0	0	0	0	0	0	0	0	0	0	0	0	0	0	0	0	0	0	0	0	0	118	460	0	0	0	0	0	0	370	134	0	0	0	0	0	0	0	0	0	0	0	0	0	0	0	0	0	0	0	0	0	0	0	0	0	0	0	0	0	0	0	0	524	0	24044	486	0	5416	0	0	194	0	1948	342	21588	1696	18642	3122	2464	570	1196	0	0	0	0	778	5406	2368	742	0	
212772	Cerebelum_Crus2_R	0	0	0	0	0	0	0	0	0	0	0	0	0	0	0	0	0	0	0	0	0	0	0	0	0	0	0	0	0	0	0	0	0	0	0	0	0	0	0	0	0	0	0	0	0	0	0	878	0	0	0	0	0	0	0	1140	0	0	0	0	0	0	0	0	0	0	0	0	0	0	0	0	0	0	0	0	0	0	0	0	0	0	0	0	0	0	0	0	0	190	922	29282	5416	0	0	166	172	280	458	7534	2426	14404	1872	22742	0	2812	0	0	0	184	234	2406	8876	2540	1452	0	
18984	Cerebelum_3_L	0	0	0	0	0	0	0	0	0	0	0	0	0	0	0	0	0	0	0	0	0	0	0	0	0	0	0	0	0	0	0	0	0	0	0	0	0	0	0	0	0	0	0	0	0	0	106	0	0	0	0	0	0	0	314	0	0	0	0	0	0	0	0	0	0	0	0	0	0	0	0	0	0	0	0	0	0	0	0	0	0	0	0	0	0	0	0	0	256	0	1176	0	0	0	0	0	4196	0	2006	0	0	0	0	0	694	0	0	0	430	188	0	126	0	0	0	0	
40496	Cerebelum_3_R	0	0	0	0	0	0	0	0	0	0	0	0	0	0	0	0	0	0	0	0	0	0	0	0	0	0	0	0	0	0	0	0	0	0	0	0	0	0	0	116	0	0	0	0	0	0	0	120	0	0	0	0	0	0	0	706	0	0	0	0	0	0	0	0	0	0	0	0	0	0	0	0	0	0	0	0	0	0	0	0	0	0	0	0	0	0	0	0	0	0	102	2162	0	166	0	0	494	4414	186	4718	0	0	0	378	0	614	0	0	442	2342	1386	182	482	600	638	0	
205924	Cerebelum_4_5_L	0	0	0	0	0	0	0	0	0	0	0	0	0	0	0	0	0	0	0	0	0	0	0	0	0	0	0	0	0	0	0	0	0	0	446	250	382	176	684	90	0	0	472	0	0	0	8966	710	0	0	0	0	0	0	8600	2328	0	0	0	0	0	0	0	0	0	0	404	0	0	0	0	0	0	0	0	0	0	0	0	0	0	0	0	0	0	0	0	0	684	0	13950	2110	194	172	4196	494	0	4634	26132	5466	476	0	1548	112	2662	780	312	0	0	194	9756	2846	0	632	918	1186	
154676	Cerebelum_4_5_R	0	0	0	0	0	0	0	0	0	0	0	0	0	0	0	0	0	0	0	0	0	0	0	0	0	0	0	0	0	0	0	0	0	0	0	0	0	1242	0	3004	0	0	0	232	0	0	980	5136	0	0	0	0	0	0	638	8288	0	0	0	0	0	0	0	0	0	0	0	718	0	0	0	0	0	0	0	0	0	0	0	0	0	0	0	0	0	0	0	0	0	372	1092	8748	0	280	0	4414	4634	0	1762	20948	0	0	0	562	128	364	0	0	0	984	10878	1178	304	228	224	0	
295028	Cerebelum_6_L	0	0	0	0	0	0	0	0	0	0	0	0	0	0	0	0	0	0	0	0	0	0	0	0	0	0	0	0	0	0	0	0	0	0	0	0	0	0	0	0	0	0	136	0	0	0	12198	2728	0	0	218	0	292	0	22272	2290	0	0	0	0	0	0	0	0	0	0	0	0	0	0	0	0	0	0	0	0	0	0	0	0	0	0	0	0	0	0	0	0	2666	0	39502	2350	1948	458	2006	186	26132	1762	0	4704	1338	0	2240	122	2724	978	448	0	178	188	4174	9388	1500	774	1160	454	
297152	Cerebelum_6_R	0	0	0	0	0	0	0	0	0	0	0	0	0	0	0	0	0	0	0	0	0	0	0	0	0	0	0	0	0	0	0	0	0	0	0	0	0	0	0	108	0	0	0	0	0	0	1054	4096	0	0	0	0	0	0	504	16998	0	0	0	0	0	0	0	0	0	0	0	0	0	0	0	0	0	0	0	0	0	0	0	0	0	0	0	0	0	0	0	0	0	0	2050	40044	342	7534	0	4718	5466	20948	4704	0	0	208	0	4208	450	1848	0	0	172	1430	11576	10292	7512	1222	1092	0	
135896	Cerebelum_7b_L	0	0	0	0	0	0	0	0	0	0	0	0	0	0	0	0	0	0	0	0	0	0	0	0	0	0	0	0	0	0	0	0	0	0	0	0	0	0	0	0	0	0	0	0	0	0	0	0	0	0	0	0	0	0	164	0	0	0	0	0	0	0	0	0	0	0	0	0	0	0	0	0	0	0	0	0	0	0	0	0	0	0	0	0	0	0	0	0	156	0	7504	0	21588	2426	0	0	476	0	1338	0	0	1044	18956	3002	2938	300	1340	0	0	0	0	90	3016	3150	460	0	
81232	Cerebelum_7b_R	0	0	0	0	0	0	0	0	0	0	0	0	0	0	0	0	0	0	0	0	0	0	0	0	0	0	0	0	0	0	0	0	0	0	0	0	0	0	0	0	0	0	0	0	0	0	0	0	0	0	0	0	0	0	0	0	0	0	0	0	0	0	0	0	0	0	0	0	0	0	0	0	0	0	0	0	0	0	0	0	0	0	0	0	0	0	0	0	0	0	0	4076	1696	14404	0	0	0	0	0	208	1044	0	580	14782	0	1516	0	0	0	0	0	0	1416	750	144	0	
168068	Cerebelum_8_L	0	0	0	0	0	0	0	0	0	0	0	0	0	0	0	0	0	0	0	0	0	0	0	0	0	0	0	0	0	0	0	0	0	0	0	0	0	0	0	0	0	0	0	0	0	0	208	0	0	0	0	0	0	0	0	0	0	0	0	0	0	0	0	0	0	0	0	0	0	0	0	0	0	0	0	0	0	0	0	0	0	0	0	0	0	0	0	0	0	0	10290	0	18642	1872	0	0	1548	0	2240	0	18956	580	0	4214	10690	744	3402	0	0	0	0	148	3194	5558	1748	0	
183212	Cerebelum_8_R	0	0	0	0	0	0	0	0	0	0	0	0	0	0	0	0	0	0	0	0	0	0	0	0	0	0	0	0	0	0	0	0	0	0	0	0	0	0	0	0	0	0	0	0	0	0	0	0	0	0	0	0	0	0	0	390	0	0	0	0	0	0	0	0	0	0	0	0	0	0	0	0	0	0	0	0	0	0	0	0	0	0	0	0	0	0	0	0	0	0	710	13636	3122	22742	0	378	112	562	122	4208	3002	14782	4214	0	120	11054	0	262	0	336	342	174	4282	4922	2134	0	
73132	Cerebelum_9_L	0	0	0	0	0	0	0	0	0	0	0	0	0	0	0	0	0	0	0	0	0	0	0	0	0	0	0	0	0	0	0	0	0	0	0	0	0	0	0	0	0	0	0	0	0	0	0	102	0	0	0	0	0	0	0	208	0	0	0	0	0	0	0	0	0	0	0	0	0	0	0	0	0	0	0	0	0	0	0	0	0	0	0	0	0	0	0	0	0	0	2418	162	2464	0	694	0	2662	128	2724	450	2938	0	10690	120	0	760	5128	0	0	0	732	1240	318	966	1286	376	
84720	Cerebelum_9_R	0	0	0	0	0	0	0	0	0	0	0	0	0	0	0	0	0	0	0	0	0	0	0	0	0	0	0	0	0	0	0	0	0	0	0	0	0	0	0	0	0	0	0	0	0	0	0	0	0	0	0	0	0	0	0	0	0	0	0	0	0	0	0	0	0	0	0	0	0	0	0	0	0	0	0	0	0	0	0	0	0	0	0	0	0	0	0	0	0	0	352	2052	570	2812	0	614	780	364	978	1848	300	1516	744	11054	760	0	0	1236	662	902	1102	2366	1862	3456	4680	1350	
25276	Cerebelum_10_L	0	0	0	0	0	0	0	0	0	0	0	0	0	0	0	0	0	0	0	0	0	0	0	0	0	0	0	0	0	0	0	0	0	0	0	0	0	0	0	0	0	0	0	0	0	0	0	0	0	0	0	0	0	0	0	0	0	0	0	0	0	0	0	0	0	0	0	0	0	0	0	0	0	0	0	0	0	0	0	0	0	0	0	0	0	0	0	0	0	0	812	0	1196	0	0	0	312	0	448	0	1340	0	3402	0	5128	0	0	0	0	0	0	0	0	0	0	0	
2996	Cerebelum_10_R	0	0	0	0	0	0	0	0	0	0	0	0	0	0	0	0	0	0	0	0	0	0	0	0	0	0	0	0	0	0	0	0	0	0	0	0	0	0	0	0	0	0	0	0	0	0	0	0	0	0	0	0	0	0	0	0	0	0	0	0	0	0	0	0	0	0	0	0	0	0	0	0	0	0	0	0	0	0	0	0	0	0	0	0	0	0	0	0	0	0	0	0	0	0	0	0	0	0	0	0	0	0	0	262	0	1236	0	0	0	0	0	0	0	0	0	0	
12572	Vermis_1_2	0	0	0	0	0	0	0	0	0	0	0	0	0	0	0	0	0	0	0	0	0	0	0	0	0	0	0	0	0	0	0	0	0	0	0	0	0	0	0	0	0	0	0	0	0	0	0	0	0	0	0	0	0	0	0	0	0	0	0	0	0	0	0	0	0	0	0	0	0	0	0	0	0	0	0	0	0	0	0	0	0	0	0	0	0	0	0	0	0	0	0	154	0	0	430	442	0	0	178	172	0	0	0	0	0	662	0	0	0	2738	0	324	274	368	544	0	
27196	Vermis_3	0	0	0	0	0	0	0	0	0	0	0	0	0	0	0	0	0	0	0	0	0	0	0	0	0	0	0	0	0	0	0	0	0	0	0	0	0	0	0	0	0	0	0	0	0	0	0	0	0	0	0	0	0	0	0	0	0	0	0	0	0	0	0	0	0	0	0	0	0	0	0	0	0	0	0	0	0	0	0	0	0	0	0	0	0	0	0	0	0	0	0	1176	0	184	188	2342	194	984	188	1430	0	0	0	336	0	902	0	0	2738	0	522	348	550	680	836	0	
135460	Vermis_4_5	0	0	0	0	0	0	0	0	0	0	0	0	0	0	0	0	0	0	0	0	0	0	0	0	0	0	0	0	0	0	0	0	0	126	180	344	0	278	0	226	0	0	208	0	0	0	1638	2358	0	0	0	0	0	0	1486	3788	0	0	0	0	0	0	0	0	0	0	174	784	0	130	0	0	0	0	0	0	0	0	0	0	0	0	0	0	0	0	0	0	0	0	2326	4734	0	234	0	1386	9756	10878	4174	11576	0	0	0	342	732	1102	0	0	0	522	0	4600	176	804	1182	1486	
143664	Vermis_6	0	0	0	0	0	0	0	0	0	0	0	0	0	0	0	0	0	0	0	0	0	0	0	0	0	0	0	0	0	0	0	0	0	0	0	0	0	0	0	0	0	0	0	0	0	0	1658	5180	0	0	0	0	0	0	1748	4110	0	0	0	0	0	0	0	0	0	0	0	0	0	0	0	0	0	0	0	0	0	0	0	0	0	0	0	0	0	0	0	0	0	0	4312	7040	778	2406	126	182	2846	1178	9388	10292	90	0	148	174	1240	2366	0	0	324	348	4600	0	5034	1890	2646	1728	
128576	Vermis_7	0	0	0	0	0	0	0	0	0	0	0	0	0	0	0	0	0	0	0	0	0	0	0	0	0	0	0	0	0	0	0	0	0	0	0	0	0	0	0	0	0	0	0	0	0	0	206	1714	0	0	0	0	0	0	0	1254	0	0	0	0	0	0	0	0	0	0	0	0	0	0	0	0	0	0	0	0	0	0	0	0	0	0	0	0	0	0	0	0	0	0	2050	7678	5406	8876	0	482	0	304	1500	7512	3016	1416	3194	4282	318	1862	0	0	274	550	176	5034	0	4476	2708	0	
86104	Vermis_8	0	0	0	0	0	0	0	0	0	0	0	0	0	0	0	0	0	0	0	0	0	0	0	0	0	0	0	0	0	0	0	0	0	0	0	0	0	0	0	0	0	0	0	0	0	0	0	0	0	0	0	0	0	0	0	0	0	0	0	0	0	0	0	0	0	0	0	0	0	0	0	0	0	0	0	0	0	0	0	0	0	0	0	0	0	0	0	0	0	0	602	1210	2368	2540	0	600	632	228	774	1222	3150	750	5558	4922	966	3456	0	0	368	680	804	1890	4476	0	4972	884	
64980	Vermis_9	0	0	0	0	0	0	0	0	0	0	0	0	0	0	0	0	0	0	0	0	0	0	0	0	0	0	0	0	0	0	0	0	0	0	0	0	0	0	0	0	0	0	0	0	0	0	0	0	0	0	0	0	0	0	0	0	0	0	0	0	0	0	0	0	0	0	0	0	0	0	0	0	0	0	0	0	0	0	0	0	0	0	0	0	0	0	0	0	0	0	624	1002	742	1452	0	638	918	224	1160	1092	460	144	1748	2134	1286	4680	0	0	544	836	1182	2646	2708	4972	0	1298	
17736	Vermis_10	0	0	0	0	0	0	0	0	0	0	0	0	0	0	0	0	0	0	0	0	0	0	0	0	0	0	0	0	0	0	0	0	0	0	0	0	0	0	0	0	0	0	0	0	0	0	0	0	0	0	0	0	0	0	0	0	0	0	0	0	0	0	0	0	0	0	0	0	0	0	0	0	0	0	0	0	0	0	0	0	0	0	0	0	0	0	0	0	0	0	106	0	0	0	0	0	1186	0	454	0	0	0	0	0	376	1350	0	0	0	0	1486	1728	0	884	1298	0	
