data	data	430644	295140	877196	778260	162588	75508	354796	115396	72852	11532	176312	115364	253996	179136	184872	71540	231336	130364	668380	759388	88116	86276	418812	298936	38032	77288	34100	54512	555028	313204	432384	643964	180264	414704	117756	175944	172308	234344	44112	108944	30584	51328	322676	303448	261268	259052	332604	272364	223944	247676	568408	224324	156528	118968	376140	349424	219292	243812	76440	81172	204452	91088	74228	83932	156604	105600	442640	437964	147068	145300	267604	313876	324568	316740	36720	49328	133160	239692	67576	19024	165260	95820	59524	48288	235616	195360	26172	21060	207220	169700	373928	379880	260588	277244	26588	49932	250324	214996	355888	332636	185032	168220	204556	227388	95404	102952	6356	10160	19936	51176	138068	146160	145504	93280	74880	35028	
data	data	Precentral_L	Precentral_R	Frontal_Sup_L	Frontal_Sup_R	Frontal_Sup_Orb_L	Frontal_Sup_Orb_R	Frontal_Mid_L	Frontal_Mid_R	Frontal_Mid_Orb_L	Frontal_Mid_Orb_R	Frontal_Inf_Oper_L	Frontal_Inf_Oper_R	Frontal_Inf_Tri_L	Frontal_Inf_Tri_R	Frontal_Inf_Orb_L	Frontal_Inf_Orb_R	Rolandic_Oper_L	Rolandic_Oper_R	Supp_Motor_Area_L	Supp_Motor_Area_R	Olfactory_L	Olfactory_R	Frontal_Sup_Medial_L	Frontal_Sup_Medial_R	Frontal_Med_Orb_L	Frontal_Med_Orb_R	Rectus_L	Rectus_R	Insula_L	Insula_R	Cingulum_Ant_L	Cingulum_Ant_R	Cingulum_Mid_L	Cingulum_Mid_R	Cingulum_Post_L	Cingulum_Post_R	Hippocampus_L	Hippocampus_R	ParaHippocampal_L	ParaHippocampal_R	Amygdala_L	Amygdala_R	Calcarine_L	Calcarine_R	Cuneus_L	Cuneus_R	Lingual_L	Lingual_R	Occipital_Sup_L	Occipital_Sup_R	Occipital_Mid_L	Occipital_Mid_R	Occipital_Inf_L	Occipital_Inf_R	Fusiform_L	Fusiform_R	Postcentral_L	Postcentral_R	Parietal_Sup_L	Parietal_Sup_R	Parietal_Inf_L	Parietal_Inf_R	SupraMarginal_L	SupraMarginal_R	Angular_L	Angular_R	Precuneus_L	Precuneus_R	Paracentral_Lobule_L	Paracentral_Lobule_R	Caudate_L	Caudate_R	Putamen_L	Putamen_R	Pallidum_L	Pallidum_R	Thalamus_L	Thalamus_R	Heschl_L	Heschl_R	Temporal_Sup_L	Temporal_Sup_R	Temporal_Pole_Sup_L	Temporal_Pole_Sup_R	Temporal_Mid_L	Temporal_Mid_R	Temporal_Pole_Mid_L	Temporal_Pole_Mid_R	Temporal_Inf_L	Temporal_Inf_R	Cerebelum_Crus1_L	Cerebelum_Crus1_R	Cerebelum_Crus2_L	Cerebelum_Crus2_R	Cerebelum_3_L	Cerebelum_3_R	Cerebelum_4_5_L	Cerebelum_4_5_R	Cerebelum_6_L	Cerebelum_6_R	Cerebelum_7b_L	Cerebelum_7b_R	Cerebelum_8_L	Cerebelum_8_R	Cerebelum_9_L	Cerebelum_9_R	Cerebelum_10_L	Cerebelum_10_R	Vermis_1_2	Vermis_3	Vermis_4_5	Vermis_6	Vermis_7	Vermis_8	Vermis_9	Vermis_10	
430644	Precentral_L	0	6598	17484	12222	0	0	12204	496	0	0	7304	186	408	0	0	0	8998	522	3410	13138	0	0	0	0	0	0	0	0	6102	666	168	738	4958	6668	6082	2144	2426	2322	224	344	0	0	938	92	5126	288	0	0	788	246	6474	202	226	218	1472	288	25080	0	990	0	7232	0	460	0	4940	0	5746	774	12946	0	4840	1464	1912	1200	116	568	4010	2250	2226	0	2058	152	0	0	2436	0	0	0	1646	106	0	0	0	0	0	0	0	0	0	0	0	0	0	0	0	0	0	0	0	0	0	0	0	0	0	0	
295140	Precentral_R	6598	0	3200	31342	0	0	470	2872	0	0	224	1734	120	0	0	0	456	2102	3026	17744	0	0	0	0	0	0	0	0	416	890	172	344	326	1628	402	2540	176	3390	0	526	0	96	0	1492	0	860	0	478	0	552	0	574	0	1838	0	3242	2672	11574	0	506	330	902	478	1130	0	166	202	6590	670	3514	1312	5624	668	920	266	246	2024	15128	104	196	172	400	0	0	0	886	0	0	0	1060	0	0	0	0	0	0	0	0	0	0	0	0	0	0	0	0	0	0	0	0	0	0	0	0	0	0	
877196	Frontal_Sup_L	17484	3200	0	9028	12492	0	58194	1258	3936	0	4612	632	12170	146	12088	0	14670	2614	87862	16516	0	0	49626	4136	1702	0	226	0	28906	1768	27788	6356	4198	1948	1050	1222	3206	1354	494	190	0	0	0	0	138	0	0	0	0	0	0	0	0	0	476	0	6722	0	0	0	0	0	0	0	94	0	108	182	878	0	4094	2468	17134	992	1214	232	3722	1574	1932	0	3996	0	678	0	170	0	0	0	722	0	0	0	0	0	0	0	0	0	0	0	0	0	0	0	0	0	0	0	0	0	0	0	0	0	0	0	
778260	Frontal_Sup_R	12222	31342	9028	0	0	4708	1188	19136	0	0	336	6744	218	12182	0	1944	444	5326	11202	69978	0	0	2872	33926	0	4836	0	320	490	14310	3362	42010	1066	18558	296	1714	270	2936	100	634	0	146	0	284	0	0	0	134	0	0	0	0	0	510	0	1326	3780	928	0	140	398	190	618	240	0	0	240	1002	2370	996	1878	17616	930	12598	266	2710	1878	22982	100	0	222	402	0	0	0	164	0	0	0	384	0	0	0	0	0	0	0	0	0	0	0	0	0	0	0	0	0	0	0	0	0	0	0	0	0	0	
162588	Frontal_Sup_Orb_L	0	0	12492	0	0	0	2632	0	12426	0	0	0	3732	0	18080	0	0	0	94	0	1518	0	4562	0	2210	0	1872	0	12826	0	1328	0	0	0	0	0	0	0	0	0	134	0	0	0	0	0	0	0	0	0	0	0	0	0	0	0	0	0	0	0	0	0	0	0	0	0	0	0	0	0	184	0	6480	0	0	0	0	0	0	0	0	0	724	0	0	0	0	0	0	0	0	0	0	0	0	0	0	0	0	0	0	0	0	0	0	0	0	0	0	0	0	0	0	0	0	0	
75508	Frontal_Sup_Orb_R	0	0	0	4708	0	0	0	0	0	1468	0	0	0	538	0	3556	0	0	0	0	0	674	158	3388	154	8782	0	5762	0	1932	196	2304	0	0	0	0	0	0	0	0	0	0	0	0	0	0	0	0	0	0	0	0	0	0	0	0	0	0	0	0	0	0	0	0	0	0	0	0	0	0	0	896	0	3238	0	0	0	0	0	0	0	0	0	0	0	0	0	0	0	0	0	0	0	0	0	0	0	0	0	0	0	0	0	0	0	0	0	0	0	0	0	0	0	0	0	0	
354796	Frontal_Mid_L	12204	470	58194	1188	2632	0	0	828	2554	0	7238	342	24172	92	5232	0	4102	894	16756	574	0	0	12424	370	0	0	0	0	4840	1036	6580	1148	218	0	0	0	276	192	0	0	0	0	0	0	0	0	0	0	0	0	0	0	0	0	0	0	0	0	0	0	0	0	0	0	0	0	0	0	0	0	4126	2740	302	3116	0	250	106	1184	0	0	1018	0	0	0	0	0	0	0	0	0	0	0	0	0	0	0	0	0	0	0	0	0	0	0	0	0	0	0	0	0	0	0	0	0	0	0	
115396	Frontal_Mid_R	496	2872	1258	19136	0	0	828	0	0	390	0	3592	0	9298	0	594	0	2116	1230	1190	0	0	198	1714	0	0	0	0	0	1998	532	4754	0	350	0	0	0	138	0	0	0	0	0	0	0	0	0	0	0	0	0	0	0	0	0	0	0	0	0	0	0	0	0	0	0	0	0	0	0	0	1576	450	96	1246	0	830	0	816	0	0	0	0	0	0	0	0	0	0	0	0	0	0	0	0	0	0	0	0	0	0	0	0	0	0	0	0	0	0	0	0	0	0	0	0	0	0	
72852	Frontal_Mid_Orb_L	0	0	3936	0	12426	0	2554	0	0	0	0	0	2514	0	9214	0	0	0	0	0	204	0	178	0	0	0	494	0	3452	0	0	0	0	0	0	0	0	0	0	0	0	0	0	0	0	0	0	0	0	0	0	0	0	0	0	0	0	0	0	0	0	0	0	0	0	0	0	0	0	0	0	0	1168	0	0	0	0	0	0	0	0	0	286	0	0	0	0	0	0	0	0	0	0	0	0	0	0	0	0	0	0	0	0	0	0	0	0	0	0	0	0	0	0	0	0	0	
11532	Frontal_Mid_Orb_R	0	0	0	0	0	1468	0	390	0	0	0	0	0	620	0	2416	0	0	0	0	0	0	0	0	0	410	0	462	0	0	0	0	0	0	0	0	0	0	0	0	0	0	0	0	0	0	0	0	0	0	0	0	0	0	0	0	0	0	0	0	0	0	0	0	0	0	0	0	0	0	0	0	0	0	0	0	0	0	0	0	0	0	0	0	0	0	0	0	0	0	0	0	0	0	0	0	0	0	0	0	0	0	0	0	0	0	0	0	0	0	0	0	0	0	0	0	
176312	Frontal_Inf_Oper_L	7304	224	4612	336	0	0	7238	0	0	0	0	326	9114	92	0	0	9436	194	3112	110	0	0	1838	0	0	0	0	0	12168	220	2824	2134	0	0	0	0	520	442	0	0	0	0	0	0	0	0	0	0	0	0	0	0	0	0	0	0	2218	0	0	0	0	0	0	0	0	0	0	0	0	0	6880	1052	1602	5844	114	1764	0	2630	750	0	1710	0	1348	0	0	0	0	0	0	0	0	0	0	0	0	0	0	0	0	0	0	0	0	0	0	0	0	0	0	0	0	0	0	0	0	0	
115364	Frontal_Inf_Oper_R	186	1734	632	6744	0	0	342	3592	0	0	326	0	300	8824	0	0	0	2640	458	4514	0	0	246	1178	0	0	0	0	274	12158	646	5234	0	652	0	0	0	208	0	0	0	0	0	0	0	0	0	0	0	0	0	0	0	0	0	0	0	696	0	0	0	0	0	0	0	0	0	0	0	0	732	2048	0	2544	0	196	0	304	120	0	0	154	0	0	0	0	0	0	0	0	0	0	0	0	0	0	0	0	0	0	0	0	0	0	0	0	0	0	0	0	0	0	0	0	0	0	
253996	Frontal_Inf_Tri_L	408	120	12170	218	3732	0	24172	0	2514	0	9114	300	0	98	14618	0	1562	186	1688	0	0	0	7750	0	452	0	0	0	27616	170	9710	2718	0	0	0	0	0	220	0	0	0	0	0	0	0	0	0	0	0	0	0	0	0	0	0	0	0	0	0	0	0	0	0	0	0	0	0	0	0	0	732	174	706	3102	0	442	0	1886	0	0	236	0	184	0	0	0	0	0	0	0	0	0	0	0	0	0	0	0	0	0	0	0	0	0	0	0	0	0	0	0	0	0	0	0	0	0	
179136	Frontal_Inf_Tri_R	0	0	146	12182	0	538	92	9298	0	620	92	8824	98	0	0	7746	0	274	0	1402	0	0	178	6614	0	296	0	0	88	20896	536	15514	0	818	0	0	0	106	0	0	0	0	0	0	0	0	0	0	0	0	0	0	0	0	0	0	0	0	0	0	0	0	0	0	0	0	0	0	0	0	130	308	0	1976	0	142	0	654	0	0	0	0	0	0	0	0	0	0	0	0	0	0	0	0	0	0	0	0	0	0	0	0	0	0	0	0	0	0	0	0	0	0	0	0	0	0	
184872	Frontal_Inf_Orb_L	0	0	12088	0	18080	0	5232	0	9214	0	0	0	14618	0	0	0	0	0	186	0	1426	0	3214	0	92	0	690	0	19922	0	1044	508	0	0	0	0	130	0	0	0	0	0	0	0	0	0	0	0	0	0	0	0	0	0	0	0	0	0	0	0	0	0	0	0	0	0	0	0	0	0	196	0	4598	0	0	0	0	0	0	0	0	0	1198	0	0	0	0	0	0	0	0	0	0	0	0	0	0	0	0	0	0	0	0	0	0	0	0	0	0	0	0	0	0	0	0	0	
71540	Frontal_Inf_Orb_R	0	0	0	1944	0	3556	0	594	0	2416	0	0	0	7746	0	0	0	0	0	0	0	846	0	1558	0	372	0	542	0	10978	0	3126	0	0	0	0	0	0	0	122	0	308	0	0	0	0	0	0	0	0	0	0	0	0	0	0	0	0	0	0	0	0	0	0	0	0	0	0	0	0	0	150	0	660	0	0	0	0	0	0	0	378	0	474	0	0	0	0	0	0	0	0	0	0	0	0	0	0	0	0	0	0	0	0	0	0	0	0	0	0	0	0	0	0	0	0	
231336	Rolandic_Oper_L	8998	456	14670	444	0	0	4102	0	0	0	9436	0	1562	0	0	0	0	0	10456	562	0	0	242	0	0	0	0	0	19144	96	476	800	492	150	392	136	462	344	108	0	0	0	138	0	0	0	0	0	0	0	1154	0	120	236	448	236	9096	106	0	0	0	0	1300	0	0	0	838	0	100	0	5016	918	1268	1548	0	856	92	566	5070	0	9576	0	606	0	1560	0	0	0	1292	0	0	0	0	0	0	0	0	0	0	0	0	0	0	0	0	0	0	0	0	0	0	0	0	0	0	0	
130364	Rolandic_Oper_R	522	2102	2614	5326	0	0	894	2116	0	0	194	2640	186	274	0	0	0	0	2520	6398	0	0	98	0	0	0	0	0	112	15330	606	2316	0	110	0	434	0	534	0	128	0	0	0	152	0	0	0	0	0	0	0	0	0	422	0	1404	0	3730	0	0	0	0	0	1550	0	0	0	152	0	0	962	2212	248	2144	162	110	0	632	0	1500	0	3304	0	118	0	206	0	0	0	720	0	0	0	0	0	0	0	0	0	0	0	0	0	0	0	0	0	0	0	0	0	0	0	0	0	0	
668380	Supp_Motor_Area_L	3410	3026	87862	11202	94	0	16756	1230	0	0	3112	458	1688	0	186	0	10456	2520	0	40020	0	0	13258	1848	0	0	0	0	18712	1654	16808	9074	8168	17510	536	262	2748	310	644	0	0	0	0	0	0	0	0	0	0	0	0	0	0	0	442	0	1678	154	0	0	0	0	0	0	0	0	0	0	8240	0	6718	2088	19820	716	5484	154	8354	836	1054	0	3482	0	546	0	146	0	0	0	726	0	0	0	0	0	0	0	0	0	0	0	0	0	0	0	0	0	0	0	0	0	0	0	0	0	0	0	
759388	Supp_Motor_Area_R	13138	17744	16516	69978	0	0	574	1190	0	0	110	4514	0	1402	0	0	562	6398	40020	0	0	0	838	13190	0	0	0	0	344	8164	6766	28596	5606	48992	796	7032	276	1974	0	390	0	0	0	1828	0	2312	0	508	0	1254	0	1270	0	786	0	1814	478	4084	0	0	104	0	178	218	0	166	654	11748	6874	11058	514	17534	1224	9642	580	2310	320	4930	130	102	266	376	0	0	0	736	0	0	0	586	0	0	0	0	0	0	0	0	0	0	0	0	0	0	0	0	0	0	0	0	0	0	0	0	0	0	
88116	Olfactory_L	0	0	0	0	1518	0	0	0	204	0	0	0	0	0	1426	0	0	0	0	0	0	7162	0	0	492	226	2324	1894	3260	0	2704	2484	0	0	0	0	372	0	358	0	744	0	0	0	0	0	0	0	0	0	0	0	0	0	0	0	0	0	0	0	0	0	0	0	0	0	0	0	0	0	7980	3724	5114	1668	0	0	0	0	0	0	0	0	404	0	0	0	0	0	0	0	0	0	0	0	0	0	0	0	0	0	0	0	0	0	0	0	0	0	0	0	0	0	0	0	0	0	
86276	Olfactory_R	0	0	0	0	0	674	0	0	0	0	0	0	0	0	0	846	0	0	0	0	7162	0	0	0	0	322	1240	3480	0	1818	2142	3040	0	0	0	0	0	0	0	278	0	1028	0	0	0	0	0	0	0	0	0	0	0	0	0	0	0	0	0	0	0	0	0	0	0	0	0	0	0	0	8244	5508	5068	2040	0	0	0	0	0	0	0	0	0	248	0	0	0	0	0	0	0	0	0	0	0	0	0	0	0	0	0	0	0	0	0	0	0	0	0	0	0	0	0	0	0	0	
418812	Frontal_Sup_Medial_L	0	0	49626	2872	4562	158	12424	198	178	0	1838	246	7750	178	3214	0	242	98	13258	838	0	0	0	14716	2642	890	282	0	14480	160	38582	19052	3392	5412	258	0	0	0	0	0	0	0	0	0	0	0	0	0	0	0	0	0	0	0	0	0	0	0	0	0	0	0	0	0	0	0	0	0	0	0	2262	546	8466	152	0	0	0	100	0	0	122	0	212	0	0	0	0	0	0	0	0	0	0	0	0	0	0	0	0	0	0	0	0	0	0	0	0	0	0	0	0	0	0	0	0	0	
298936	Frontal_Sup_Medial_R	0	0	4136	33926	0	3388	370	1714	0	0	0	1178	0	6614	0	1558	0	0	1848	13190	0	0	14716	0	170	6346	0	190	102	3846	4344	32398	206	15424	0	0	0	0	0	0	0	0	0	0	0	0	0	0	0	0	0	0	0	0	0	0	0	0	0	0	0	0	0	0	0	0	0	0	0	0	0	900	108	2628	0	0	0	168	0	0	0	0	0	0	0	0	0	0	0	0	0	0	0	0	0	0	0	0	0	0	0	0	0	0	0	0	0	0	0	0	0	0	0	0	0	0	
38032	Frontal_Med_Orb_L	0	0	1702	0	2210	154	0	0	0	0	0	0	452	0	92	0	0	0	0	0	492	0	2642	170	0	616	2132	0	772	0	4938	208	0	0	0	0	0	0	0	0	0	0	0	0	0	0	0	0	0	0	0	0	0	0	0	0	0	0	0	0	0	0	0	0	0	0	0	0	0	0	758	0	1678	0	0	0	0	0	0	0	0	0	0	0	0	0	0	0	0	0	0	0	0	0	0	0	0	0	0	0	0	0	0	0	0	0	0	0	0	0	0	0	0	0	0	0	
77288	Frontal_Med_Orb_R	0	0	0	4836	0	8782	0	0	0	410	0	0	0	296	0	372	0	0	0	0	226	322	890	6346	616	0	0	5106	0	610	1328	4688	0	0	0	0	0	0	0	0	0	0	0	0	0	0	0	0	0	0	0	0	0	0	0	0	0	0	0	0	0	0	0	0	0	0	0	0	0	0	0	912	0	2904	0	0	0	0	0	0	0	0	0	0	0	0	0	0	0	0	0	0	0	0	0	0	0	0	0	0	0	0	0	0	0	0	0	0	0	0	0	0	0	0	0	0	
34100	Rectus_L	0	0	226	0	1872	0	0	0	494	0	0	0	0	0	690	0	0	0	0	0	2324	1240	282	0	2132	0	0	322	464	0	2454	756	0	0	0	0	0	0	0	0	0	0	0	0	0	0	0	0	0	0	0	0	0	0	0	0	0	0	0	0	0	0	0	0	0	0	0	0	0	0	2424	218	1006	146	0	0	0	0	0	0	0	0	0	0	0	0	0	0	0	0	0	0	0	0	0	0	0	0	0	0	0	0	0	0	0	0	0	0	0	0	0	0	0	0	0	0	
54512	Rectus_R	0	0	0	320	0	5762	0	0	0	462	0	0	0	0	0	542	0	0	0	0	1894	3480	0	190	0	5106	322	0	0	498	98	2894	0	0	0	0	0	0	0	0	0	0	0	0	0	0	0	0	0	0	0	0	0	0	0	0	0	0	0	0	0	0	0	0	0	0	0	0	0	0	1910	1456	1422	900	0	0	0	0	0	0	0	0	0	0	0	0	0	0	0	0	0	0	0	0	0	0	0	0	0	0	0	0	0	0	0	0	0	0	0	0	0	0	0	0	0	0	
555028	Insula_L	6102	416	28906	490	12826	0	4840	0	3452	0	12168	274	27616	88	19922	0	19144	112	18712	344	3260	0	14480	102	772	0	464	0	0	176	13666	5264	1230	0	772	186	7848	274	1752	0	2622	0	118	0	300	0	0	0	0	0	954	0	0	144	2478	144	3598	0	0	0	0	0	492	0	720	0	1286	0	134	0	6602	1060	24744	1794	0	692	690	772	5730	0	8046	0	4542	0	726	0	0	0	3468	0	0	0	0	0	0	0	0	0	0	0	0	0	0	0	0	0	0	0	0	0	0	0	0	0	0	0	
313204	Insula_R	666	890	1768	14310	0	1932	1036	1998	0	0	220	12158	170	20896	0	10978	96	15330	1654	8164	0	1818	160	3846	0	610	0	498	176	0	1058	15586	0	386	0	486	0	2812	0	904	0	830	0	186	0	0	0	112	0	0	0	0	0	674	0	2484	0	620	0	0	0	0	0	228	0	0	0	146	0	0	1524	4406	0	13546	0	168	0	1168	94	1824	0	5006	0	444	0	1618	0	0	0	918	0	0	0	0	0	0	0	0	0	0	0	0	0	0	0	0	0	0	0	0	0	0	0	0	0	0	
432384	Cingulum_Ant_L	168	172	27788	3362	1328	196	6580	532	0	0	2824	646	9710	536	1044	0	476	606	16808	6766	2704	2142	38582	4344	4938	1328	2454	98	13666	1058	0	27278	7116	6296	372	0	0	0	0	0	0	0	0	0	0	0	0	0	0	0	0	0	0	0	0	0	0	0	0	0	0	0	0	0	0	0	0	0	0	0	6440	4620	9352	2350	0	90	0	1008	0	0	186	0	228	0	0	0	0	0	0	0	0	0	0	0	0	0	0	0	0	0	0	0	0	0	0	0	0	0	0	0	0	0	0	0	0	0	
643964	Cingulum_Ant_R	738	344	6356	42010	0	2304	1148	4754	0	0	2134	5234	2718	15514	508	3126	800	2316	9074	28596	2484	3040	19052	32398	208	4688	756	2894	5264	15586	27278	0	2394	26470	0	0	0	372	0	0	0	0	0	0	0	0	0	0	0	0	0	0	0	0	0	0	0	0	0	0	0	0	0	0	0	0	0	0	0	0	6952	20368	3322	16436	0	468	0	3348	170	0	182	0	178	0	0	0	0	0	0	0	0	0	0	0	0	0	0	0	0	0	0	0	0	0	0	0	0	0	0	0	0	0	0	0	0	0	
180264	Cingulum_Mid_L	4958	326	4198	1066	0	0	218	0	0	0	0	0	0	0	0	0	492	0	8168	5606	0	0	3392	206	0	0	0	0	1230	0	7116	2394	0	8986	3908	604	104	0	0	0	0	0	0	0	734	102	0	0	1070	0	7300	0	0	0	0	0	1510	0	180	0	3966	0	572	0	4984	0	10744	342	3986	172	0	0	0	0	0	0	0	0	0	0	322	0	0	0	804	0	0	0	372	0	0	0	0	0	0	0	0	0	0	0	0	0	0	0	0	0	0	0	0	0	0	0	0	0	0	0	
414704	Cingulum_Mid_R	6668	1628	1948	18558	0	0	0	350	0	0	0	652	0	818	0	0	150	110	17510	48992	0	0	5412	15424	0	0	0	0	0	386	6296	26470	8986	0	740	6376	0	0	0	0	0	0	0	1208	0	4618	0	206	0	2612	0	1508	0	92	0	198	0	688	0	0	0	0	0	0	0	102	1004	12070	4550	10010	0	112	98	170	0	0	0	118	0	0	92	0	0	0	0	302	0	0	0	120	0	0	0	0	0	0	0	0	0	0	0	0	0	0	0	0	0	0	0	0	0	0	0	0	0	0	
117756	Cingulum_Post_L	6082	402	1050	296	0	0	0	0	0	0	0	0	0	0	0	0	392	0	536	796	0	0	258	0	0	0	0	0	772	0	372	0	3908	740	0	7148	6700	3404	0	582	0	0	2524	0	2698	0	498	480	0	0	456	0	236	212	1904	652	776	0	0	0	0	0	574	0	0	0	6606	568	3038	114	0	0	0	0	0	0	2102	656	0	0	272	0	0	0	230	0	0	0	532	178	0	0	0	0	0	0	0	134	0	0	0	0	0	0	0	0	0	0	0	0	0	0	0	0	0	0	
175944	Cingulum_Post_R	2144	2540	1222	1714	0	0	0	0	0	0	0	0	0	0	0	0	136	434	262	7032	0	0	0	0	0	0	0	0	186	486	0	0	604	6376	7148	0	4248	8064	0	1162	0	0	0	3058	0	150	0	2782	0	102	0	208	0	3388	140	6284	104	500	0	0	0	0	136	0	0	0	1238	12466	630	3206	0	0	0	0	0	0	4296	2328	0	88	132	144	0	0	0	580	0	0	0	1696	0	0	0	0	0	0	0	180	0	0	0	0	0	0	0	0	0	0	0	0	378	0	0	0	0	0	
172308	Hippocampus_L	2426	176	3206	270	0	0	276	0	0	0	520	0	0	0	130	0	462	0	2748	276	372	0	0	0	0	0	0	0	7848	0	0	0	104	0	6700	4248	0	3374	7402	668	5662	0	2482	0	278	0	1426	632	0	0	450	0	366	0	7418	128	436	0	0	0	0	0	0	0	0	0	4044	742	210	0	466	116	6240	94	408	0	3232	568	650	0	882	0	654	0	640	0	0	0	6468	0	0	0	0	0	0	0	0	148	0	0	0	0	0	0	0	0	0	0	0	108	0	0	0	0	0	0	
234344	Hippocampus_R	2322	3390	1354	2936	0	0	192	138	0	0	442	208	220	106	0	0	344	534	310	1974	0	0	0	0	0	0	0	0	274	2812	0	372	0	0	3404	8064	3374	0	140	15306	0	6558	0	1284	0	0	0	2940	0	0	0	0	0	4120	102	19702	0	532	0	0	0	0	94	0	0	0	96	4058	0	0	228	296	144	9424	0	238	4828	7590	0	116	250	1200	0	92	0	1506	0	0	0	2638	0	0	0	0	0	0	0	534	0	0	0	0	0	0	0	0	0	0	0	0	386	0	0	0	0	0	
44112	ParaHippocampal_L	224	0	494	100	0	0	0	0	0	0	0	0	0	0	0	0	108	0	644	0	358	0	0	0	0	0	0	0	1752	0	0	0	0	0	0	0	7402	140	0	0	1598	0	414	0	0	0	696	116	0	0	290	0	300	0	2144	0	0	0	0	0	0	0	0	0	0	0	520	0	0	0	106	0	1956	0	330	0	194	98	0	0	108	0	184	0	0	0	0	0	166	0	392	0	0	0	150	0	546	0	402	0	0	0	0	0	0	0	0	0	0	124	0	0	0	0	0	0	
108944	ParaHippocampal_R	344	526	190	634	0	0	0	0	0	0	0	0	0	0	0	122	0	128	0	390	0	278	0	0	0	0	0	0	0	904	0	0	0	0	582	1162	668	15306	0	0	0	6146	0	658	0	0	0	2316	0	0	0	0	0	562	0	12094	0	0	0	0	0	0	0	0	0	0	0	884	0	0	0	0	0	2274	0	90	870	1230	0	0	0	338	0	2596	0	374	0	1114	0	434	0	108	0	0	0	0	0	980	0	170	0	0	0	0	0	0	0	0	0	0	0	0	0	0	0	0	
30584	Amygdala_L	0	0	0	0	134	0	0	0	0	0	0	0	0	0	0	0	0	0	0	0	744	0	0	0	0	0	0	0	2622	0	0	0	0	0	0	0	5662	0	1598	0	0	0	0	0	0	0	0	0	0	0	0	0	0	0	2536	0	0	0	0	0	0	0	0	0	0	0	0	0	0	0	148	0	236	0	0	0	0	0	0	0	0	0	498	0	0	0	0	0	1114	0	0	0	0	0	0	0	0	0	0	0	0	0	0	0	0	0	0	0	0	0	0	0	0	0	0	0	
51328	Amygdala_R	0	96	0	146	0	0	0	0	0	0	0	0	0	0	0	308	0	0	0	0	0	1028	0	0	0	0	0	0	0	830	0	0	0	0	0	0	0	6558	0	6146	0	0	0	0	0	0	0	0	0	0	0	0	0	0	0	4170	0	0	0	0	0	0	0	0	0	0	0	0	0	0	158	426	0	2928	0	0	194	660	0	0	0	0	0	2016	0	0	0	0	0	0	0	0	0	0	0	0	0	0	0	0	0	0	0	0	0	0	0	0	0	0	0	0	0	0	0	0	
322676	Calcarine_L	938	0	0	0	0	0	0	0	0	0	0	0	0	0	0	0	138	0	0	0	0	0	0	0	0	0	0	0	118	0	0	0	0	0	2524	0	2482	0	414	0	0	0	0	6386	19378	3942	16560	3794	15338	1040	33750	484	11826	0	8530	130	1094	0	224	0	178	0	0	0	0	0	22474	0	616	0	0	0	0	0	0	0	0	0	132	0	0	0	0	0	2704	0	0	0	1642	0	176	306	0	0	0	0	648	828	394	612	0	0	0	0	0	0	0	0	0	0	1430	108	0	0	0	0	
303448	Calcarine_R	92	1492	0	284	0	0	0	0	0	0	0	0	0	0	0	0	0	152	0	1828	0	0	0	0	0	0	0	0	0	186	0	0	0	1208	0	3058	0	1284	0	658	0	0	6386	0	2606	23124	838	27826	0	20182	0	17078	0	5036	0	3654	0	1704	0	1080	0	138	0	0	0	366	198	18270	256	1876	0	0	0	0	0	0	0	0	0	0	0	92	0	0	0	5644	0	0	0	5128	0	0	0	0	0	0	0	0	0	0	0	0	0	0	0	0	0	0	0	0	0	0	0	0	0	0	
261268	Cuneus_L	5126	0	138	0	0	0	0	0	0	0	0	0	0	0	0	0	0	0	0	0	0	0	0	0	0	0	0	0	300	0	0	0	734	0	2698	0	278	0	0	0	0	0	19378	2606	0	5812	6190	98	26762	1232	15520	388	2496	128	3226	0	1210	0	1016	0	0	0	0	0	112	0	24822	1172	5158	0	0	0	0	0	0	0	0	0	0	0	0	0	0	0	2616	0	0	0	1128	0	0	0	0	0	0	0	176	0	0	0	0	0	0	0	0	0	0	0	0	0	114	0	0	0	0	0	
259052	Cuneus_R	288	860	0	0	0	0	0	0	0	0	0	0	0	0	0	0	0	0	0	2312	0	0	0	0	0	0	0	0	0	0	0	0	102	4618	0	150	0	0	0	0	0	0	3942	23124	5812	0	0	3520	112	28474	0	14134	0	618	0	630	0	2958	102	3108	0	0	0	0	0	968	2876	23736	782	5492	0	0	0	0	0	0	0	0	0	0	0	0	0	0	0	592	0	0	0	216	0	0	0	0	0	0	0	0	0	0	0	0	0	0	0	0	0	0	0	0	0	0	0	0	0	0	
332604	Lingual_L	0	0	0	0	0	0	0	0	0	0	0	0	0	0	0	0	0	0	0	0	0	0	0	0	0	0	0	0	0	0	0	0	0	0	498	0	1426	0	696	0	0	0	16560	838	6190	0	0	2076	9178	518	19948	364	8910	0	23452	118	0	0	0	0	0	0	0	0	0	0	7492	0	0	0	0	0	0	0	0	0	0	0	0	0	0	0	0	0	0	0	0	0	0	0	10696	198	802	0	244	98	21574	460	20926	798	0	0	0	0	1076	640	0	0	132	262	4548	3856	0	126	470	1132	
272364	Lingual_R	0	478	0	134	0	0	0	0	0	0	0	0	0	0	0	0	0	0	0	508	0	0	0	0	0	0	0	0	0	112	0	0	0	206	480	2782	632	2940	116	2316	0	0	3794	27826	98	3520	2076	0	0	6104	0	9848	0	7572	382	14158	0	448	0	0	0	0	0	0	0	0	0	10270	0	458	0	0	0	0	0	0	434	0	0	0	0	0	0	0	0	2256	0	0	0	2132	514	6202	342	0	110	0	652	7130	1304	9704	0	0	0	0	0	0	0	0	0	126	4848	2780	390	0	0	0	
223944	Occipital_Sup_L	788	0	0	0	0	0	0	0	0	0	0	0	0	0	0	0	0	0	0	0	0	0	0	0	0	0	0	0	0	0	0	0	1070	0	0	0	0	0	0	0	0	0	15338	0	26762	112	9178	0	0	0	27198	0	1694	0	2328	0	88	0	5008	0	340	0	0	0	0	0	18838	678	1278	0	0	0	0	0	0	0	0	0	0	0	0	0	0	0	898	0	0	0	94	0	0	0	0	0	0	0	172	0	0	0	0	0	0	0	0	0	0	0	0	0	110	0	0	0	0	0	
247676	Occipital_Sup_R	246	552	0	0	0	0	0	0	0	0	0	0	0	0	0	0	0	0	0	1254	0	0	0	0	0	0	0	0	0	0	0	0	0	2612	0	102	0	0	0	0	0	0	1040	20182	1232	28474	518	6104	0	0	0	21762	0	650	0	708	0	4160	0	6356	0	1230	0	0	0	4902	370	14494	332	6006	0	0	0	0	0	0	0	0	0	0	0	0	0	0	0	398	0	0	0	154	0	0	0	0	0	0	0	0	0	0	0	0	0	0	0	0	0	0	0	0	0	0	0	0	0	0	
568408	Occipital_Mid_L	6474	0	0	0	0	0	0	0	0	0	0	0	0	0	0	0	1154	0	0	0	0	0	0	0	0	0	0	0	954	0	0	0	7300	0	456	0	450	0	290	0	0	0	33750	0	15520	0	19948	0	27198	0	0	0	23180	0	12814	0	5156	0	5750	0	23546	0	2526	0	24028	0	38972	390	2656	0	0	0	0	0	0	0	0	0	1012	0	1890	0	0	0	22000	0	0	0	5232	0	498	0	0	0	0	0	480	0	118	0	0	0	0	0	0	0	0	0	0	0	284	178	0	0	0	0	
224324	Occipital_Mid_R	202	574	0	0	0	0	0	0	0	0	0	0	0	0	0	0	0	0	0	1270	0	0	0	0	0	0	0	0	0	0	0	0	0	1508	0	208	0	0	0	0	0	0	484	17078	388	14134	364	9848	0	21762	0	0	0	3656	0	1464	0	1114	0	774	0	3722	0	0	0	13494	0	6200	312	2022	0	0	0	0	0	0	0	0	0	0	0	318	0	0	0	10100	0	0	0	1166	0	0	0	0	0	0	0	0	0	0	0	0	0	0	0	0	0	0	0	0	0	0	0	0	0	0	
156528	Occipital_Inf_L	226	0	0	0	0	0	0	0	0	0	0	0	0	0	0	0	120	0	0	0	0	0	0	0	0	0	0	0	0	0	0	0	0	0	236	0	366	0	300	0	0	0	11826	0	2496	0	8910	0	1694	0	23180	0	0	0	10236	0	150	0	0	0	0	0	0	0	0	0	6892	0	112	0	0	0	0	0	0	0	0	0	354	0	88	0	0	0	4306	0	0	0	3600	0	996	0	288	0	0	0	522	0	1244	0	0	0	0	0	0	0	0	0	0	0	0	122	0	0	0	0	
118968	Occipital_Inf_R	218	1838	0	510	0	0	0	0	0	0	0	0	0	0	0	0	236	422	0	786	0	0	0	0	0	0	0	0	144	674	0	0	0	92	212	3388	0	4120	0	562	0	0	0	5036	128	618	0	7572	0	650	0	3656	0	0	0	14598	0	0	0	0	0	0	118	0	0	0	0	3754	0	0	0	0	0	0	0	0	0	0	0	0	232	200	0	0	0	2002	0	0	0	4428	0	148	0	0	0	0	0	236	0	1596	0	0	0	0	0	0	0	0	0	0	158	894	258	0	0	0	
376140	Fusiform_L	1472	0	476	0	0	0	0	0	0	0	0	0	0	0	0	0	448	0	442	0	0	0	0	0	0	0	0	0	2478	0	0	0	0	0	1904	140	7418	102	2144	0	2536	0	8530	0	3226	0	23452	382	2328	0	12814	0	10236	0	0	0	410	0	0	0	0	0	0	0	0	0	6614	0	112	0	0	0	736	0	0	0	108	0	2226	0	1180	0	1836	0	4896	0	1882	0	13790	0	22910	108	1428	0	136	0	14558	130	31340	130	186	0	186	0	0	0	0	0	0	0	886	1754	0	0	0	0	
349424	Fusiform_R	288	3242	0	1326	0	0	0	0	0	0	0	0	0	0	0	0	236	1404	0	1814	0	0	0	0	0	0	0	0	144	2484	0	0	0	198	652	6284	128	19702	0	12094	0	4170	130	3654	0	630	118	14158	0	708	0	1464	0	14598	0	0	0	158	0	0	0	0	120	0	0	0	0	4944	0	0	0	0	0	2212	0	0	0	1082	0	252	232	1948	0	7314	0	5320	0	2528	0	13226	0	12894	0	916	0	142	138	9176	104	15634	0	252	0	878	0	174	0	0	0	0	2308	1728	726	424	256	0	
219292	Postcentral_L	25080	2672	6722	3780	0	0	0	0	0	0	2218	0	0	0	0	0	9096	0	1678	478	0	0	0	0	0	0	0	0	3598	0	0	0	1510	0	776	104	436	0	0	0	0	0	1094	0	1210	0	0	0	88	0	5156	0	150	0	410	0	0	0	4944	0	14598	0	6370	0	3436	0	3918	0	990	0	950	118	558	390	0	316	196	174	3674	0	1902	0	0	0	492	0	0	0	364	0	0	0	0	0	0	0	0	0	0	0	0	0	0	0	0	0	0	0	0	0	0	0	0	0	0	0	
243812	Postcentral_R	0	11574	0	928	0	0	0	0	0	0	0	696	0	0	0	0	106	3730	154	4084	0	0	0	0	0	0	0	0	0	620	0	0	0	688	0	500	0	532	0	0	0	0	0	1704	0	2958	0	448	0	4160	0	1114	0	0	0	158	0	0	0	6976	0	10804	0	15448	0	2728	130	25764	0	7740	192	0	254	342	118	0	0	736	0	342	0	2770	0	0	0	8298	0	0	0	5110	0	0	0	0	0	0	0	0	0	0	0	0	0	0	0	0	0	0	0	0	0	0	0	0	0	0	
76440	Parietal_Sup_L	990	0	0	0	0	0	0	0	0	0	0	0	0	0	0	0	0	0	0	0	0	0	0	0	0	0	0	0	0	0	0	0	180	0	0	0	0	0	0	0	0	0	224	0	1016	102	0	0	5008	0	5750	0	0	0	0	0	4944	0	0	0	7672	0	0	0	1372	0	10136	330	402	0	0	0	0	0	0	0	0	0	0	0	0	0	0	0	94	0	0	0	0	0	0	0	0	0	0	0	0	0	0	0	0	0	0	0	0	0	0	0	0	0	0	0	0	0	0	0	
81172	Parietal_Sup_R	0	506	0	140	0	0	0	0	0	0	0	0	0	0	0	0	0	0	0	0	0	0	0	0	0	0	0	0	0	0	0	0	0	0	0	0	0	0	0	0	0	0	0	1080	0	3108	0	0	0	6356	0	774	0	0	0	0	0	6976	0	0	0	6378	0	1798	0	3176	606	9008	0	680	0	0	0	0	0	0	0	0	0	0	0	0	0	0	0	0	0	0	0	0	0	0	0	0	0	0	0	0	0	0	0	0	0	0	0	0	0	0	0	0	0	0	0	0	0	0	
204452	Parietal_Inf_L	7232	330	0	398	0	0	0	0	0	0	0	0	0	0	0	0	0	0	0	104	0	0	0	0	0	0	0	0	0	0	0	0	3966	0	0	0	0	0	0	0	0	0	178	0	0	0	0	0	340	0	23546	0	0	0	0	0	14598	0	7672	0	0	0	10800	0	20668	0	9074	0	994	0	0	0	0	0	0	0	0	0	0	0	246	0	0	0	1170	0	0	0	910	0	0	0	0	0	0	0	0	0	0	0	0	0	0	0	0	0	0	0	0	0	0	0	0	0	0	0	
91088	Parietal_Inf_R	0	902	0	190	0	0	0	0	0	0	0	0	0	0	0	0	0	0	0	0	0	0	0	0	0	0	0	0	0	0	0	0	0	0	0	0	0	0	0	0	0	0	0	138	0	0	0	0	0	1230	0	3722	0	0	0	0	0	10804	0	6378	0	0	0	8520	0	11912	0	1222	0	196	0	0	0	0	0	0	0	0	0	0	0	0	0	0	0	130	0	0	0	200	0	0	0	0	0	0	0	0	0	0	0	0	0	0	0	0	0	0	0	0	0	0	0	0	0	0	
74228	SupraMarginal_L	460	478	0	618	0	0	0	0	0	0	0	0	0	0	0	0	1300	0	0	178	0	0	0	0	0	0	0	0	492	0	0	0	572	0	574	136	0	94	0	0	0	0	0	0	0	0	0	0	0	0	2526	0	0	118	0	120	6370	0	0	0	10800	0	0	0	1848	0	2260	0	0	0	118	0	0	0	0	0	0	0	0	0	4192	0	0	0	712	0	0	0	3148	0	0	0	0	0	0	0	0	0	0	0	0	0	0	0	0	0	0	0	0	0	0	0	0	0	0	0	
83932	SupraMarginal_R	0	1130	0	240	0	0	0	0	0	0	0	0	0	0	0	0	0	1550	0	218	0	0	0	0	0	0	0	0	0	228	0	0	0	0	0	0	0	0	0	0	0	0	0	0	0	0	0	0	0	0	0	0	0	0	0	0	0	15448	0	1798	0	8520	0	0	0	3322	0	916	0	0	0	0	200	108	102	0	0	148	0	126	0	3936	0	0	0	726	0	0	0	3250	0	0	0	0	0	0	0	0	0	0	0	0	0	0	0	0	0	0	0	0	0	0	0	0	0	0	
156604	Angular_L	4940	0	94	0	0	0	0	0	0	0	0	0	0	0	0	0	0	0	0	0	0	0	0	0	0	0	0	0	720	0	0	0	4984	0	0	0	0	0	0	0	0	0	0	0	112	0	0	0	0	0	24028	0	0	0	0	0	3436	0	1372	0	20668	0	1848	0	0	0	6360	0	1034	0	0	0	0	0	0	0	0	0	0	0	1248	0	0	0	6530	0	0	0	928	0	0	0	0	0	0	0	0	0	0	0	0	0	0	0	0	0	0	0	0	0	0	0	0	0	0	0	
105600	Angular_R	0	166	0	0	0	0	0	0	0	0	0	0	0	0	0	0	0	0	0	166	0	0	0	0	0	0	0	0	0	0	0	0	0	102	0	0	0	0	0	0	0	0	0	366	0	968	0	0	0	4902	0	13494	0	0	0	0	0	2728	0	3176	0	11912	0	3322	0	0	0	2356	0	972	0	0	0	0	0	0	0	0	0	0	0	2584	0	0	0	4848	0	0	0	738	0	0	0	0	0	0	0	0	0	0	0	0	0	0	0	0	0	0	0	0	0	0	0	0	0	0	
442640	Precuneus_L	5746	202	108	240	0	0	0	0	0	0	0	0	0	0	0	0	838	0	0	654	0	0	0	0	0	0	0	0	1286	0	0	0	10744	1004	6606	1238	4044	96	520	0	0	0	22474	198	24822	2876	7492	0	18838	370	38972	0	6892	0	6614	0	3918	130	10136	606	9074	0	2260	0	6360	0	0	7940	6224	472	0	0	0	0	0	0	0	0	118	0	1500	0	0	0	5468	0	0	0	4098	0	142	0	0	0	0	0	0	0	0	0	0	0	0	0	0	0	0	0	0	0	0	0	0	0	0	0	
437964	Precuneus_R	774	6590	182	1002	0	0	0	0	0	0	0	0	0	0	0	0	0	152	0	11748	0	0	0	0	0	0	0	0	0	146	0	0	342	12070	568	12466	742	4058	0	884	0	0	0	18270	1172	23736	0	10270	678	14494	390	6200	0	3754	0	4944	0	25764	330	9008	0	1222	0	916	0	2356	7940	0	2020	15500	0	0	0	0	0	0	864	462	0	0	0	1384	0	0	0	9548	0	0	0	5538	0	0	0	0	0	0	0	106	0	0	0	0	0	0	0	0	0	0	0	0	392	0	0	0	0	0	
147068	Paracentral_Lobule_L	12946	670	878	2370	0	0	0	0	0	0	0	0	0	0	0	0	100	0	8240	6874	0	0	0	0	0	0	0	0	134	0	0	0	3986	4550	3038	630	210	0	0	0	0	0	616	256	5158	782	0	0	1278	332	2656	312	112	0	112	0	990	0	402	0	994	0	0	0	1034	0	6224	2020	0	1676	274	0	652	0	274	0	1612	0	0	0	0	0	0	0	1018	0	0	0	124	0	0	0	0	0	0	0	0	0	0	0	0	0	0	0	0	0	0	0	0	0	0	0	0	0	0	0	
145300	Paracentral_Lobule_R	0	3514	0	996	0	0	0	0	0	0	0	0	0	0	0	0	0	0	0	11058	0	0	0	0	0	0	0	0	0	0	0	0	172	10010	114	3206	0	0	0	0	0	0	0	1876	0	5492	0	458	0	6006	0	2022	0	0	0	0	0	7740	0	680	0	196	0	0	0	972	472	15500	1676	0	0	0	0	0	0	0	0	0	0	0	0	0	0	0	0	400	0	0	0	90	0	0	0	0	0	0	0	0	0	0	0	0	0	0	0	0	0	0	0	0	0	0	0	0	0	0	
267604	Caudate_L	4840	1312	4094	1878	184	0	4126	1576	0	0	6880	732	732	130	196	0	5016	962	6718	514	7980	8244	2262	0	758	0	2424	1910	6602	1524	6440	6952	0	0	0	0	466	228	106	0	148	158	0	0	0	0	0	0	0	0	0	0	0	0	0	0	950	192	0	0	0	0	118	0	0	0	0	0	274	0	0	10852	12712	4930	1032	1418	10740	2400	888	0	1030	0	174	0	0	0	0	0	0	0	0	0	0	0	0	0	0	0	0	0	0	0	0	0	0	0	0	0	0	0	0	0	0	0	0	0	
313876	Caudate_R	1464	5624	2468	17616	0	896	2740	450	0	0	1052	2048	174	308	0	150	918	2212	2088	17534	3724	5508	546	900	0	912	218	1456	1060	4406	4620	20368	0	112	0	0	116	296	0	0	0	426	0	0	0	0	0	0	0	0	0	0	0	0	0	0	118	0	0	0	0	0	0	0	0	0	0	0	0	0	10852	0	3444	18546	0	2848	1438	17008	144	0	130	0	0	0	0	0	0	0	0	0	0	0	0	0	0	0	0	0	0	0	0	0	0	0	0	0	0	0	0	0	0	0	0	0	0	0	
324568	Putamen_L	1912	668	17134	930	6480	0	302	96	1168	0	1602	0	706	0	4598	0	1268	248	19820	1224	5114	5068	8466	108	1678	0	1006	1422	24744	0	9352	3322	0	98	0	0	6240	144	1956	0	236	0	0	0	0	0	0	0	0	0	0	0	0	0	736	0	558	254	0	0	0	0	0	200	0	0	0	0	652	0	12712	3444	0	1514	6788	0	2980	286	134	0	2324	0	1216	0	152	0	0	0	1224	0	0	0	0	0	0	0	0	0	0	0	0	0	0	0	0	0	0	0	0	0	0	0	0	0	0	0	
316740	Putamen_R	1200	920	992	12598	0	3238	3116	1246	0	0	5844	2544	3102	1976	0	660	1548	2144	716	9642	1668	2040	152	2628	0	2904	146	900	1794	13546	2350	16436	0	170	0	0	94	9424	0	2274	0	2928	0	0	0	0	0	0	0	0	0	0	0	0	0	2212	390	342	0	0	0	0	0	108	0	0	0	0	0	0	4930	18546	1514	0	0	6920	152	11036	402	0	350	336	0	192	0	0	0	0	0	0	0	0	0	0	0	0	0	0	0	0	0	0	0	0	0	0	0	0	0	0	0	0	0	0	0	0	
36720	Pallidum_L	116	266	1214	266	0	0	0	0	0	0	114	0	0	0	0	0	0	162	5484	580	0	0	0	0	0	0	0	0	0	0	0	0	0	0	0	0	408	0	330	0	0	0	0	0	0	0	0	0	0	0	0	0	0	0	0	0	0	118	0	0	0	0	0	102	0	0	0	0	274	0	1032	0	6788	0	0	0	1106	0	0	0	0	0	0	0	0	0	0	0	0	0	0	0	0	0	0	0	0	0	0	0	0	0	0	0	0	0	0	0	0	0	0	0	0	0	0	0	
49328	Pallidum_R	568	246	232	2710	0	0	250	830	0	0	1764	196	442	142	0	0	856	110	154	2310	0	0	0	0	0	0	0	0	692	168	90	468	0	0	0	0	0	238	0	90	0	0	0	0	0	0	0	0	0	0	0	0	0	0	0	0	316	0	0	0	0	0	0	0	0	0	0	0	0	0	1418	2848	0	6920	0	0	0	130	274	0	202	0	0	0	0	0	0	0	0	0	0	0	0	0	0	0	0	0	0	0	0	0	0	0	0	0	0	0	0	0	0	0	0	0	0	0	
133160	Thalamus_L	4010	2024	3722	1878	0	0	106	0	0	0	0	0	0	0	0	0	92	0	8354	320	0	0	0	0	0	0	0	0	690	0	0	0	0	0	2102	4296	3232	4828	194	870	0	194	0	0	0	0	0	434	0	0	0	0	0	0	108	0	196	0	0	0	0	0	0	0	0	0	0	864	1612	0	10740	1438	2980	152	1106	0	0	9752	0	0	140	0	0	0	0	0	0	0	0	0	0	0	0	0	0	0	0	146	0	0	0	0	0	0	0	0	0	0	0	0	0	0	0	0	0	0	
239692	Thalamus_R	2250	15128	1574	22982	0	0	1184	816	0	0	2630	304	1886	654	0	0	566	632	836	4930	0	0	100	168	0	0	0	0	772	1168	1008	3348	0	118	656	2328	568	7590	98	1230	0	660	0	0	0	0	0	0	0	0	0	0	0	0	0	1082	174	736	0	0	0	0	0	148	0	0	0	462	0	0	2400	17008	286	11036	0	130	9752	0	106	0	128	214	0	0	0	0	0	0	0	0	0	0	0	0	0	0	0	0	0	0	0	0	0	0	0	0	0	0	0	0	0	0	0	0	0	0	
67576	Heschl_L	2226	104	1932	100	0	0	0	0	0	0	750	120	0	0	0	0	5070	0	1054	130	0	0	0	0	0	0	0	0	5730	94	0	170	0	0	0	0	650	0	0	0	0	0	132	0	0	0	0	0	0	0	1012	0	354	0	2226	0	3674	0	0	0	0	0	0	0	0	0	118	0	0	0	888	144	134	402	0	274	0	106	0	0	2150	0	0	0	1678	0	0	0	2274	0	92	0	0	0	0	0	0	0	0	0	0	0	0	0	0	0	0	0	0	0	0	0	0	0	0	0	
19024	Heschl_R	0	196	0	0	0	0	0	0	0	0	0	0	0	0	0	0	0	1500	0	102	0	0	0	0	0	0	0	0	0	1824	0	0	0	0	0	88	0	116	0	0	0	0	0	0	0	0	0	0	0	0	0	0	0	0	0	252	0	342	0	0	0	0	0	126	0	0	0	0	0	0	0	0	0	0	0	0	0	0	0	0	0	3928	0	0	0	830	0	0	0	208	0	0	0	0	0	0	0	0	0	0	0	0	0	0	0	0	0	0	0	0	0	0	0	0	0	0	
165260	Temporal_Sup_L	2058	172	3996	222	0	0	1018	0	0	0	1710	0	236	0	0	0	9576	0	3482	266	0	0	122	0	0	0	0	0	8046	0	186	182	322	92	272	132	882	250	108	0	0	0	0	0	0	0	0	0	0	0	1890	0	88	232	1180	232	1902	0	0	0	246	0	4192	0	1248	0	1500	0	0	0	1030	130	2324	350	0	202	140	128	2150	0	0	0	2110	0	18978	0	0	0	9048	0	0	0	0	0	0	0	0	0	0	0	0	0	0	0	0	0	0	0	0	0	0	0	0	0	0	0	
95820	Temporal_Sup_R	152	400	0	402	0	0	0	0	0	0	0	154	0	0	0	378	0	3304	0	376	0	0	0	0	0	0	0	0	0	5006	0	0	0	0	0	144	0	1200	0	338	0	0	0	92	0	0	0	0	0	0	0	318	0	200	0	1948	0	2770	0	0	0	0	0	3936	0	2584	0	1384	0	0	0	0	0	336	0	0	0	214	0	3928	0	0	0	4340	0	9930	0	424	0	3652	0	0	0	0	0	0	0	0	0	0	0	0	0	0	0	0	0	0	0	0	0	0	0	0	0	0	
59524	Temporal_Pole_Sup_L	0	0	678	0	724	0	0	0	286	0	1348	0	184	0	1198	0	606	0	546	0	404	0	212	0	0	0	0	0	4542	0	228	178	0	0	0	0	654	0	184	0	498	0	0	0	0	0	0	0	0	0	0	0	0	0	1836	0	0	0	0	0	0	0	0	0	0	0	0	0	0	0	174	0	1216	0	0	0	0	0	0	0	2110	0	0	0	4984	0	3710	0	3262	0	0	0	0	0	0	0	0	0	0	0	0	0	0	0	0	0	0	0	0	0	0	0	0	0	0	0	
48288	Temporal_Pole_Sup_R	0	0	0	0	0	0	0	0	0	0	0	0	0	0	0	474	0	118	0	0	0	248	0	0	0	0	0	0	0	444	0	0	0	0	0	0	0	92	0	2596	0	2016	0	0	0	0	0	0	0	0	0	0	0	0	0	7314	0	0	0	0	0	0	0	0	0	0	0	0	0	0	0	0	0	192	0	0	0	0	0	0	0	4340	0	0	0	1510	0	3044	0	1756	0	0	0	0	0	0	0	0	0	0	0	0	0	0	0	0	0	0	0	0	0	0	0	0	0	0	
235616	Temporal_Mid_L	2436	0	170	0	0	0	0	0	0	0	0	0	0	0	0	0	1560	0	146	0	0	0	0	0	0	0	0	0	726	0	0	0	804	0	230	0	640	0	0	0	0	0	2704	0	2616	0	0	0	898	0	22000	0	4306	0	4896	0	492	0	94	0	1170	0	712	0	6530	0	5468	0	1018	0	0	0	152	0	0	0	0	0	1678	0	18978	0	4984	0	0	0	4310	0	27528	0	562	0	0	0	0	0	0	0	0	0	0	0	0	0	0	0	0	0	0	0	0	0	0	0	0	0	
195360	Temporal_Mid_R	0	886	0	164	0	0	0	0	0	0	0	0	0	0	0	0	0	206	0	736	0	0	0	0	0	0	0	0	0	1618	0	0	0	302	0	580	0	1506	0	374	0	0	0	5644	0	592	0	2256	0	398	0	10100	0	2002	0	5320	0	8298	0	0	0	130	0	726	0	4848	0	9548	0	400	0	0	0	0	0	0	0	0	0	830	0	9930	0	1510	0	0	0	2178	0	26452	0	146	0	0	0	0	0	0	0	0	0	0	0	0	0	0	0	0	0	0	0	0	0	0	0	0	
26172	Temporal_Pole_Mid_L	0	0	0	0	0	0	0	0	0	0	0	0	0	0	0	0	0	0	0	0	0	0	0	0	0	0	0	0	0	0	0	0	0	0	0	0	0	0	0	0	0	0	0	0	0	0	0	0	0	0	0	0	0	0	1882	0	0	0	0	0	0	0	0	0	0	0	0	0	0	0	0	0	0	0	0	0	0	0	0	0	0	0	3710	0	4310	0	0	0	3184	0	0	0	0	0	0	0	0	0	0	0	0	0	0	0	0	0	0	0	0	0	0	0	0	0	0	0	
21060	Temporal_Pole_Mid_R	0	0	0	0	0	0	0	0	0	0	0	0	0	0	0	0	0	0	0	0	0	0	0	0	0	0	0	0	0	0	0	0	0	0	0	0	0	0	0	1114	0	0	0	0	0	0	0	0	0	0	0	0	0	0	0	2528	0	0	0	0	0	0	0	0	0	0	0	0	0	0	0	0	0	0	0	0	0	0	0	0	0	424	0	3044	0	2178	0	0	0	1242	0	0	0	0	0	0	0	0	0	0	0	0	0	0	0	0	0	0	0	0	0	0	0	0	0	0	
207220	Temporal_Inf_L	1646	0	722	0	0	0	0	0	0	0	0	0	0	0	0	0	1292	0	726	0	0	0	0	0	0	0	0	0	3468	0	0	0	372	0	532	0	6468	0	166	0	1114	0	1642	0	1128	0	0	0	94	0	5232	0	3600	0	13790	0	364	0	0	0	910	0	3148	0	928	0	4098	0	124	0	0	0	1224	0	0	0	0	0	2274	0	9048	0	3262	0	27528	0	3184	0	0	0	3432	0	220	0	0	0	480	0	1394	0	0	0	0	0	0	0	0	0	0	0	0	0	0	0	0	0	
169700	Temporal_Inf_R	106	1060	0	384	0	0	0	0	0	0	0	0	0	0	0	0	0	720	0	586	0	0	0	0	0	0	0	0	0	918	0	0	0	120	178	1696	0	2638	0	434	0	0	0	5128	0	216	0	2132	0	154	0	1166	0	4428	0	13226	0	5110	0	0	0	200	0	3250	0	738	0	5538	0	90	0	0	0	0	0	0	0	0	0	208	0	3652	0	1756	0	26452	0	1242	0	0	0	1118	0	92	0	0	0	0	0	114	0	0	0	0	0	0	0	0	0	0	0	0	0	0	0	0	
373928	Cerebelum_Crus1_L	0	0	0	0	0	0	0	0	0	0	0	0	0	0	0	0	0	0	0	0	0	0	0	0	0	0	0	0	0	0	0	0	0	0	0	0	0	0	392	0	0	0	176	0	0	0	10696	514	0	0	498	0	996	0	22910	0	0	0	0	0	0	0	0	0	0	0	142	0	0	0	0	0	0	0	0	0	0	0	92	0	0	0	0	0	562	0	0	0	3432	0	0	2310	27598	4028	1612	0	22762	164	54310	616	8200	958	10056	248	2630	0	0	0	0	0	340	3866	5876	150	526	304	
379880	Cerebelum_Crus1_R	0	0	0	0	0	0	0	0	0	0	0	0	0	0	0	0	0	0	0	0	0	0	0	0	0	0	0	0	0	0	0	0	0	0	0	0	0	0	0	108	0	0	306	0	0	0	198	6202	0	0	0	0	0	148	108	12894	0	0	0	0	0	0	0	0	0	0	0	0	0	0	0	0	0	0	0	0	0	0	0	0	0	0	0	0	0	146	0	0	0	1118	2310	0	1680	31266	154	3970	408	22582	1850	55732	388	8212	328	14248	782	2536	0	298	0	2004	6024	6298	4830	1488	1228	96	
260588	Cerebelum_Crus2_L	0	0	0	0	0	0	0	0	0	0	0	0	0	0	0	0	0	0	0	0	0	0	0	0	0	0	0	0	0	0	0	0	0	0	0	0	0	0	0	0	0	0	0	0	0	0	802	342	0	0	0	0	288	0	1428	0	0	0	0	0	0	0	0	0	0	0	0	0	0	0	0	0	0	0	0	0	0	0	0	0	0	0	0	0	0	0	0	0	220	0	27598	1680	0	6146	316	0	832	0	4788	330	32224	2310	29740	1292	7650	0	120	0	0	0	0	1196	8886	1574	356	176	
277244	Cerebelum_Crus2_R	0	0	0	0	0	0	0	0	0	0	0	0	0	0	0	0	0	0	0	0	0	0	0	0	0	0	0	0	0	0	0	0	0	0	0	0	0	0	0	0	0	0	0	0	0	0	0	0	0	0	0	0	0	0	0	916	0	0	0	0	0	0	0	0	0	0	0	0	0	0	0	0	0	0	0	0	0	0	0	0	0	0	0	0	0	0	0	0	0	92	4028	31266	6146	0	0	222	0	2156	316	7708	3894	24274	2706	29780	328	4580	0	252	92	196	156	1860	12404	3364	1658	228	
26588	Cerebelum_3_L	0	0	0	0	0	0	0	0	0	0	0	0	0	0	0	0	0	0	0	0	0	0	0	0	0	0	0	0	0	0	0	0	0	0	0	0	0	0	150	0	0	0	0	0	0	0	244	110	0	0	0	0	0	0	136	0	0	0	0	0	0	0	0	0	0	0	0	0	0	0	0	0	0	0	0	0	0	0	0	0	0	0	0	0	0	0	0	0	0	0	1612	154	316	0	0	0	4548	0	1992	158	0	0	116	0	1362	0	0	0	706	790	644	256	0	0	0	0	
49932	Cerebelum_3_R	0	0	0	0	0	0	0	0	0	0	0	0	0	0	0	0	0	0	0	0	0	0	0	0	0	0	0	0	0	0	0	0	0	0	0	0	0	0	0	0	0	0	0	0	0	0	98	0	0	0	0	0	0	0	0	142	0	0	0	0	0	0	0	0	0	0	0	0	0	0	0	0	0	0	0	0	0	0	0	0	0	0	0	0	0	0	0	0	0	0	0	3970	0	222	0	0	144	5614	0	6386	0	128	0	546	0	1082	0	0	498	3486	534	432	242	592	692	158	
250324	Cerebelum_4_5_L	0	0	0	0	0	0	0	0	0	0	0	0	0	0	0	0	0	0	0	0	0	0	0	0	0	0	0	0	0	0	0	0	0	0	0	0	0	0	546	0	0	0	648	0	176	0	21574	652	172	0	480	0	522	0	14558	138	0	0	0	0	0	0	0	0	0	0	0	0	0	0	0	0	0	0	0	0	0	0	0	0	0	0	0	0	0	0	0	0	480	0	22762	408	832	0	4548	144	0	666	35240	1046	128	0	134	130	3796	936	0	0	346	890	6648	3562	114	188	954	1744	
214996	Cerebelum_4_5_R	0	0	0	0	0	0	0	0	0	0	0	0	0	0	0	0	0	0	0	0	0	0	0	0	0	0	0	0	0	0	0	0	0	0	134	180	148	534	0	980	0	0	828	0	0	0	460	7130	0	0	0	0	0	236	130	9176	0	0	0	0	0	0	0	0	0	0	0	106	0	0	0	0	0	0	0	0	146	0	0	0	0	0	0	0	0	0	0	0	0	0	164	22582	0	2156	0	5614	666	0	378	32918	0	626	0	2286	0	1462	0	194	0	2238	10126	1588	1282	1732	1298	0	
355888	Cerebelum_6_L	0	0	0	0	0	0	0	0	0	0	0	0	0	0	0	0	0	0	0	0	0	0	0	0	0	0	0	0	0	0	0	0	0	0	0	0	0	0	402	0	0	0	394	0	0	0	20926	1304	0	0	118	0	1244	0	31340	104	0	0	0	0	0	0	0	0	0	0	0	0	0	0	0	0	0	0	0	0	0	0	0	0	0	0	0	0	0	0	0	0	1394	0	54310	1850	4788	316	1992	0	35240	378	0	1854	1702	0	1988	182	3490	0	0	0	0	0	2154	7770	1154	116	804	630	
332636	Cerebelum_6_R	0	0	0	0	0	0	0	0	0	0	0	0	0	0	0	0	0	0	0	0	0	0	0	0	0	0	0	0	0	0	0	0	0	0	0	0	0	0	0	170	0	0	612	0	0	0	798	9704	0	0	0	0	0	1596	130	15634	0	0	0	0	0	0	0	0	0	0	0	0	0	0	0	0	0	0	0	0	0	0	0	0	0	0	0	0	0	0	0	0	0	114	616	55732	330	7708	158	6386	1046	32918	1854	0	0	698	104	3084	760	876	0	384	0	2662	9374	7950	2540	1442	938	0	
185032	Cerebelum_7b_L	0	0	0	0	0	0	0	0	0	0	0	0	0	0	0	0	0	0	0	0	0	0	0	0	0	0	0	0	0	0	0	0	0	0	0	0	0	0	0	0	0	0	0	0	0	0	0	0	0	0	0	0	0	0	186	0	0	0	0	0	0	0	0	0	0	0	0	0	0	0	0	0	0	0	0	0	0	0	0	0	0	0	0	0	0	0	0	0	0	0	8200	388	32224	3894	0	0	128	0	1702	0	0	3024	27236	1834	5490	0	112	0	0	0	0	138	5218	2590	152	0	
168220	Cerebelum_7b_R	0	0	0	0	0	0	0	0	0	0	0	0	0	0	0	0	0	0	0	0	0	0	0	0	0	0	0	0	0	0	0	0	0	0	0	0	0	0	0	0	0	0	0	0	0	0	0	0	0	0	0	0	0	0	0	252	0	0	0	0	0	0	0	0	0	0	0	0	0	0	0	0	0	0	0	0	0	0	0	0	0	0	0	0	0	0	0	0	0	0	958	8212	2310	24274	0	128	0	626	0	698	3024	0	3366	25190	172	4988	0	0	0	126	0	376	4636	3838	936	0	
204556	Cerebelum_8_L	0	0	0	0	0	0	0	0	0	0	0	0	0	0	0	0	0	0	0	0	0	0	0	0	0	0	0	0	0	0	0	0	0	0	0	0	0	0	0	0	0	0	0	0	0	0	0	0	0	0	0	0	0	0	186	0	0	0	0	0	0	0	0	0	0	0	0	0	0	0	0	0	0	0	0	0	0	0	0	0	0	0	0	0	0	0	0	0	0	0	10056	328	29740	2706	116	0	134	0	1988	104	27236	3366	0	3086	12844	214	710	0	0	0	0	354	4064	4126	808	112	
227388	Cerebelum_8_R	0	0	0	0	0	0	0	0	0	0	0	0	0	0	0	0	0	0	0	0	0	0	0	0	0	0	0	0	0	0	0	0	0	0	0	0	0	0	0	0	0	0	0	0	0	0	0	0	0	0	0	0	0	0	0	878	0	0	0	0	0	0	0	0	0	0	0	0	0	0	0	0	0	0	0	0	0	0	0	0	0	0	0	0	0	0	0	0	0	0	248	14248	1292	29780	0	546	130	2286	182	3084	1834	25190	3086	0	296	12412	0	826	250	580	296	1576	4980	6096	3262	336	
95404	Cerebelum_9_L	0	0	0	0	0	0	0	0	0	0	0	0	0	0	0	0	0	0	0	0	0	0	0	0	0	0	0	0	0	0	0	0	0	0	0	0	0	0	0	0	0	0	0	0	0	0	1076	0	0	0	0	0	0	0	0	0	0	0	0	0	0	0	0	0	0	0	0	0	0	0	0	0	0	0	0	0	0	0	0	0	0	0	0	0	0	0	0	0	0	0	2630	782	7650	328	1362	0	3796	0	3490	760	5490	172	12844	296	0	160	2236	0	0	0	634	1456	644	230	820	846	
102952	Cerebelum_9_R	0	0	0	0	0	0	0	0	0	0	0	0	0	0	0	0	0	0	0	0	0	0	0	0	0	0	0	0	0	0	0	0	0	0	0	0	0	0	0	0	0	0	0	0	0	0	640	0	0	0	0	0	0	0	0	174	0	0	0	0	0	0	0	0	0	0	0	0	0	0	0	0	0	0	0	0	0	0	0	0	0	0	0	0	0	0	0	0	0	0	0	2536	0	4580	0	1082	936	1462	0	876	0	4988	214	12412	160	0	0	1742	768	1372	1984	3104	1630	3812	4952	2052	
6356	Cerebelum_10_L	0	0	0	0	0	0	0	0	0	0	0	0	0	0	0	0	0	0	0	0	0	0	0	0	0	0	0	0	0	0	0	0	0	0	0	0	0	0	0	0	0	0	0	0	0	0	0	0	0	0	0	0	0	0	0	0	0	0	0	0	0	0	0	0	0	0	0	0	0	0	0	0	0	0	0	0	0	0	0	0	0	0	0	0	0	0	0	0	0	0	0	0	120	0	0	0	0	0	0	0	112	0	710	0	2236	0	0	0	0	0	0	0	0	0	0	0	
10160	Cerebelum_10_R	0	0	0	0	0	0	0	0	0	0	0	0	0	0	0	0	0	0	0	0	0	0	0	0	0	0	0	0	0	0	0	0	0	0	0	0	0	0	0	0	0	0	0	0	0	0	0	0	0	0	0	0	0	0	0	0	0	0	0	0	0	0	0	0	0	0	0	0	0	0	0	0	0	0	0	0	0	0	0	0	0	0	0	0	0	0	0	0	0	0	0	298	0	252	0	0	0	194	0	384	0	0	0	826	0	1742	0	0	0	0	0	296	224	418	446	0	
19936	Vermis_1_2	0	0	0	0	0	0	0	0	0	0	0	0	0	0	0	0	0	0	0	0	0	0	0	0	0	0	0	0	0	0	0	0	0	0	0	0	0	0	0	0	0	0	0	0	0	0	132	0	0	0	0	0	0	0	0	0	0	0	0	0	0	0	0	0	0	0	0	0	0	0	0	0	0	0	0	0	0	0	0	0	0	0	0	0	0	0	0	0	0	0	0	0	0	92	706	498	346	0	0	0	0	0	0	250	0	768	0	0	0	4238	1262	422	146	284	504	320	
51176	Vermis_3	0	0	0	0	0	0	0	0	0	0	0	0	0	0	0	0	0	0	0	0	0	0	0	0	0	0	0	0	0	0	0	0	0	0	0	0	108	0	124	0	0	0	0	0	0	0	262	126	0	0	0	0	0	0	0	0	0	0	0	0	0	0	0	0	0	0	0	0	0	0	0	0	0	0	0	0	0	0	0	0	0	0	0	0	0	0	0	0	0	0	0	2004	0	196	790	3486	890	2238	0	2662	0	126	0	580	0	1372	0	0	4238	0	3006	812	286	684	1088	510	
138068	Vermis_4_5	0	0	0	0	0	0	0	0	0	0	0	0	0	0	0	0	0	0	0	0	0	0	0	0	0	0	0	0	0	0	0	0	0	0	0	378	0	386	0	0	0	0	1430	0	114	0	4548	4848	110	0	284	0	0	158	886	2308	0	0	0	0	0	0	0	0	0	0	0	392	0	0	0	0	0	0	0	0	0	0	0	0	0	0	0	0	0	0	0	0	0	0	340	6024	0	156	644	534	6648	10126	2154	9374	0	0	0	296	634	1984	0	0	1262	3006	0	5050	252	428	1638	2642	
146160	Vermis_6	0	0	0	0	0	0	0	0	0	0	0	0	0	0	0	0	0	0	0	0	0	0	0	0	0	0	0	0	0	0	0	0	0	0	0	0	0	0	0	0	0	0	108	0	0	0	3856	2780	0	0	178	0	122	894	1754	1728	0	0	0	0	0	0	0	0	0	0	0	0	0	0	0	0	0	0	0	0	0	0	0	0	0	0	0	0	0	0	0	0	0	0	3866	6298	1196	1860	256	432	3562	1588	7770	7950	138	376	354	1576	1456	3104	0	296	422	812	5050	0	3986	2600	3692	3020	
145504	Vermis_7	0	0	0	0	0	0	0	0	0	0	0	0	0	0	0	0	0	0	0	0	0	0	0	0	0	0	0	0	0	0	0	0	0	0	0	0	0	0	0	0	0	0	0	0	0	0	0	390	0	0	0	0	0	258	0	726	0	0	0	0	0	0	0	0	0	0	0	0	0	0	0	0	0	0	0	0	0	0	0	0	0	0	0	0	0	0	0	0	0	0	5876	4830	8886	12404	0	242	114	1282	1154	2540	5218	4636	4064	4980	644	1630	0	224	146	286	252	3986	0	4714	2652	618	
93280	Vermis_8	0	0	0	0	0	0	0	0	0	0	0	0	0	0	0	0	0	0	0	0	0	0	0	0	0	0	0	0	0	0	0	0	0	0	0	0	0	0	0	0	0	0	0	0	0	0	126	0	0	0	0	0	0	0	0	424	0	0	0	0	0	0	0	0	0	0	0	0	0	0	0	0	0	0	0	0	0	0	0	0	0	0	0	0	0	0	0	0	0	0	150	1488	1574	3364	0	592	188	1732	116	1442	2590	3838	4126	6096	230	3812	0	418	284	684	428	2600	4714	0	5172	452	
74880	Vermis_9	0	0	0	0	0	0	0	0	0	0	0	0	0	0	0	0	0	0	0	0	0	0	0	0	0	0	0	0	0	0	0	0	0	0	0	0	0	0	0	0	0	0	0	0	0	0	470	0	0	0	0	0	0	0	0	256	0	0	0	0	0	0	0	0	0	0	0	0	0	0	0	0	0	0	0	0	0	0	0	0	0	0	0	0	0	0	0	0	0	0	526	1228	356	1658	0	692	954	1298	804	938	152	936	808	3262	820	4952	0	446	504	1088	1638	3692	2652	5172	0	2138	
35028	Vermis_10	0	0	0	0	0	0	0	0	0	0	0	0	0	0	0	0	0	0	0	0	0	0	0	0	0	0	0	0	0	0	0	0	0	0	0	0	0	0	0	0	0	0	0	0	0	0	1132	0	0	0	0	0	0	0	0	0	0	0	0	0	0	0	0	0	0	0	0	0	0	0	0	0	0	0	0	0	0	0	0	0	0	0	0	0	0	0	0	0	0	0	304	96	176	228	0	158	1744	0	630	0	0	0	112	336	846	2052	0	0	320	510	2642	3020	618	452	2138	0	
