data	data	317096	354628	1.00071e+06	811556	115652	99740	422232	289516	60608	29376	226784	171692	218420	57252	122936	68308	234656	127496	517612	594532	93344	115520	383480	328764	66116	107500	78200	137272	577536	279872	354684	427220	155020	442220	169012	200936	251192	268416	84480	119604	40116	48512	222292	339428	148384	283560	272468	284472	130080	302024	425032	210492	99668	84716	422836	439168	243904	191716	83796	88812	152568	68764	70080	80088	70984	87648	151996	410448	110528	211804	297532	331944	258236	316028	36956	16412	123500	198104	120100	59024	123320	125540	86232	45604	316628	244860	40264	34740	245512	160048	504972	426692	317212	347844	73344	73100	335796	208048	608056	454096	231388	155252	261592	185012	139580	122704	9524	9508	51836	101932	289552	332984	251012	147812	121988	62528	
data	data	Precentral_L	Precentral_R	Frontal_Sup_L	Frontal_Sup_R	Frontal_Sup_Orb_L	Frontal_Sup_Orb_R	Frontal_Mid_L	Frontal_Mid_R	Frontal_Mid_Orb_L	Frontal_Mid_Orb_R	Frontal_Inf_Oper_L	Frontal_Inf_Oper_R	Frontal_Inf_Tri_L	Frontal_Inf_Tri_R	Frontal_Inf_Orb_L	Frontal_Inf_Orb_R	Rolandic_Oper_L	Rolandic_Oper_R	Supp_Motor_Area_L	Supp_Motor_Area_R	Olfactory_L	Olfactory_R	Frontal_Sup_Medial_L	Frontal_Sup_Medial_R	Frontal_Med_Orb_L	Frontal_Med_Orb_R	Rectus_L	Rectus_R	Insula_L	Insula_R	Cingulum_Ant_L	Cingulum_Ant_R	Cingulum_Mid_L	Cingulum_Mid_R	Cingulum_Post_L	Cingulum_Post_R	Hippocampus_L	Hippocampus_R	ParaHippocampal_L	ParaHippocampal_R	Amygdala_L	Amygdala_R	Calcarine_L	Calcarine_R	Cuneus_L	Cuneus_R	Lingual_L	Lingual_R	Occipital_Sup_L	Occipital_Sup_R	Occipital_Mid_L	Occipital_Mid_R	Occipital_Inf_L	Occipital_Inf_R	Fusiform_L	Fusiform_R	Postcentral_L	Postcentral_R	Parietal_Sup_L	Parietal_Sup_R	Parietal_Inf_L	Parietal_Inf_R	SupraMarginal_L	SupraMarginal_R	Angular_L	Angular_R	Precuneus_L	Precuneus_R	Paracentral_Lobule_L	Paracentral_Lobule_R	Caudate_L	Caudate_R	Putamen_L	Putamen_R	Pallidum_L	Pallidum_R	Thalamus_L	Thalamus_R	Heschl_L	Heschl_R	Temporal_Sup_L	Temporal_Sup_R	Temporal_Pole_Sup_L	Temporal_Pole_Sup_R	Temporal_Mid_L	Temporal_Mid_R	Temporal_Pole_Mid_L	Temporal_Pole_Mid_R	Temporal_Inf_L	Temporal_Inf_R	Cerebelum_Crus1_L	Cerebelum_Crus1_R	Cerebelum_Crus2_L	Cerebelum_Crus2_R	Cerebelum_3_L	Cerebelum_3_R	Cerebelum_4_5_L	Cerebelum_4_5_R	Cerebelum_6_L	Cerebelum_6_R	Cerebelum_7b_L	Cerebelum_7b_R	Cerebelum_8_L	Cerebelum_8_R	Cerebelum_9_L	Cerebelum_9_R	Cerebelum_10_L	Cerebelum_10_R	Vermis_1_2	Vermis_3	Vermis_4_5	Vermis_6	Vermis_7	Vermis_8	Vermis_9	Vermis_10	
317096	Precentral_L	0	5384	11354	2490	0	0	13582	0	0	0	10678	78	820	0	0	0	11928	146	3398	5702	0	0	282	0	0	0	0	0	15218	86	0	0	148	1294	4624	3334	2576	564	442	0	0	0	914	0	114	0	346	0	316	0	4784	0	542	0	846	0	26942	0	0	0	426	0	114	0	502	0	298	0	3442	5182	916	0	3116	0	222	0	2462	542	4608	118	1732	76	78	0	4028	0	0	0	1754	0	0	0	0	0	0	0	0	0	0	0	0	0	0	0	0	0	0	0	0	0	0	0	0	0	0	0	
354628	Precentral_R	5384	0	5094	33152	0	0	2134	7466	0	0	0	5954	0	174	0	0	0	3212	4564	13426	0	0	0	0	0	0	0	0	394	3126	0	0	496	2338	2820	3418	2134	7564	0	1174	0	0	0	1432	0	922	0	120	0	1932	0	1098	0	258	88	720	806	11674	0	940	0	676	0	2420	0	360	0	3554	1848	9498	1334	5490	118	4130	0	0	3064	14906	258	1454	0	1888	0	0	0	1890	0	0	94	318	0	0	0	0	0	0	0	0	0	0	0	0	0	0	0	0	0	0	0	0	0	0	0	0	0	0	
1.00071e+06	Frontal_Sup_L	11354	5094	0	17372	5114	120	70420	6536	2004	0	18298	1490	21704	266	8920	82	10294	1814	74520	19920	0	0	48914	11652	1246	130	0	0	44112	2084	22104	5534	5398	9620	960	1262	4872	1102	686	186	0	0	0	0	0	0	350	0	0	0	0	0	0	0	734	0	2478	822	0	0	0	0	0	0	0	0	0	0	346	242	19650	1590	19744	2798	4742	486	5194	1474	1054	274	1452	206	918	0	0	0	0	0	616	0	0	0	0	0	0	0	0	0	0	0	0	0	0	0	0	0	0	0	0	0	0	0	0	0	0	0	
811556	Frontal_Sup_R	2490	33152	17372	0	0	3562	3240	46886	0	204	248	8610	216	2638	0	2928	0	6392	14986	46818	186	1106	12586	29332	232	3616	0	2698	630	13846	10104	30498	3468	20276	2196	2520	1876	8444	0	2272	0	316	0	306	0	302	0	0	0	366	0	130	0	0	0	408	836	1738	0	244	0	106	0	444	0	0	0	748	1180	320	2812	20288	394	17606	0	1234	2308	15490	196	842	0	1108	0	174	0	118	0	0	0	0	0	0	0	0	0	0	0	136	0	0	0	0	0	0	0	0	0	0	0	0	0	0	0	0	0	0	
115652	Frontal_Sup_Orb_L	0	0	5114	0	0	456	734	0	10166	0	0	0	748	0	9622	0	0	0	0	0	2810	306	1710	0	5540	628	8474	0	3492	0	5430	0	0	0	0	0	0	0	0	0	0	0	0	0	0	0	0	0	0	0	0	0	0	0	0	0	0	0	0	0	0	0	0	0	0	0	0	0	0	0	1898	0	0	0	0	0	0	0	0	0	0	0	698	0	0	0	0	0	0	0	0	0	0	0	0	0	0	0	0	0	0	0	0	0	0	0	0	0	0	0	0	0	0	0	0	0	
99740	Frontal_Sup_Orb_R	0	0	120	3562	456	0	0	626	0	6882	0	0	0	0	0	5302	0	0	0	0	336	2674	794	2932	1874	7582	310	9792	0	1262	1264	922	0	0	0	0	0	0	0	0	0	0	0	0	0	0	0	0	0	0	0	0	0	0	0	0	0	0	0	0	0	0	0	0	0	0	0	0	0	0	484	1246	136	1314	0	0	0	0	0	0	0	0	0	0	0	0	0	0	0	0	0	0	0	0	0	0	0	0	0	0	0	0	0	0	0	0	0	0	0	0	0	0	0	0	0	0	
422232	Frontal_Mid_L	13582	2134	70420	3240	734	0	0	348	1552	0	12964	178	27800	0	5348	0	6138	0	7630	1144	0	0	11892	1958	0	0	0	0	21700	222	4346	418	916	2262	518	570	1512	404	258	0	0	0	0	0	0	0	206	0	0	0	232	0	0	0	80	0	1150	0	0	0	138	0	0	0	0	0	0	0	0	298	1472	92	2884	0	162	0	1998	392	828	0	422	0	238	0	186	0	0	0	150	0	0	0	0	0	0	0	0	0	0	0	0	0	0	0	0	0	0	0	0	0	0	0	0	0	0	0	
289516	Frontal_Mid_R	0	7466	6536	46886	0	626	348	0	0	938	0	8880	0	8176	0	3650	0	2898	5904	4232	0	0	2796	4380	0	0	0	0	0	7396	2490	7364	1272	5182	0	0	76	1342	0	618	0	0	0	0	0	0	0	0	0	0	0	0	0	0	0	88	0	670	0	102	0	104	0	228	0	0	0	0	0	0	3782	3592	142	4264	0	0	0	1236	0	490	0	528	0	76	0	0	0	0	0	0	0	0	0	0	0	0	0	0	0	0	0	0	0	0	0	0	0	0	0	0	0	0	0	0	0	0	
60608	Frontal_Mid_Orb_L	0	0	2004	0	10166	0	1552	0	0	0	0	0	940	0	10768	0	0	0	0	0	86	0	0	0	476	0	3280	0	446	0	278	0	0	0	0	0	0	0	0	0	0	0	0	0	0	0	0	0	0	0	0	0	0	0	0	0	0	0	0	0	0	0	0	0	0	0	0	0	0	0	134	0	0	0	0	0	0	0	0	0	0	0	174	0	0	0	0	0	0	0	0	0	0	0	0	0	0	0	0	0	0	0	0	0	0	0	0	0	0	0	0	0	0	0	0	0	
29376	Frontal_Mid_Orb_R	0	0	0	204	0	6882	0	938	0	0	0	0	0	90	0	4758	0	0	0	0	0	0	0	0	0	120	0	1450	0	246	0	0	0	0	0	0	0	0	0	0	0	0	0	0	0	0	0	0	0	0	0	0	0	0	0	0	0	0	0	0	0	0	0	0	0	0	0	0	0	0	0	0	0	0	0	0	0	0	0	0	0	0	0	0	0	0	0	0	0	0	0	0	0	0	0	0	0	0	0	0	0	0	0	0	0	0	0	0	0	0	0	0	0	0	0	0	
226784	Frontal_Inf_Oper_L	10678	0	18298	248	0	0	12964	0	0	0	0	0	14396	0	202	0	11824	0	8118	82	0	0	1084	102	0	0	0	0	24262	0	500	142	0	204	0	0	228	0	0	0	0	0	0	0	0	0	0	0	0	0	98	0	0	0	210	0	2656	0	0	0	0	0	0	0	0	0	0	0	0	0	340	0	2238	0	0	0	138	0	722	0	1314	0	1882	0	180	0	0	0	282	0	0	0	0	0	0	0	0	0	0	0	0	0	0	0	0	0	0	0	0	0	0	0	0	0	0	0	
171692	Frontal_Inf_Oper_R	78	5954	1490	8610	0	0	178	8880	0	0	0	0	0	3168	0	204	0	6490	1406	4774	100	0	0	220	0	0	0	0	0	21874	318	1294	0	820	0	88	0	1338	0	394	0	122	0	330	0	186	0	0	0	0	0	136	0	0	0	80	0	1324	0	248	0	190	0	452	0	0	0	670	0	78	872	2920	0	4254	0	0	0	566	0	2554	0	2980	0	76	0	130	0	0	0	0	0	0	0	0	0	0	0	0	0	0	0	0	0	0	0	0	0	0	0	0	0	0	0	0	0	0	
218420	Frontal_Inf_Tri_L	820	0	21704	216	748	0	27800	0	940	0	14396	0	0	0	9520	0	1328	0	1738	0	0	0	2180	196	88	0	0	0	24532	0	740	152	0	208	0	0	0	0	0	0	0	0	0	0	0	0	0	0	0	0	0	0	0	0	0	0	0	0	0	0	0	0	0	0	0	0	0	0	0	0	0	0	568	0	0	0	0	0	0	0	206	0	1130	0	0	0	0	0	0	0	0	0	0	0	0	0	0	0	0	0	0	0	0	0	0	0	0	0	0	0	0	0	0	0	0	0	
57252	Frontal_Inf_Tri_R	0	174	266	2638	0	0	0	8176	0	90	0	3168	0	0	0	2560	0	140	342	638	0	0	0	0	0	0	0	0	0	7190	0	0	0	184	0	0	0	326	0	184	0	0	0	0	0	0	0	0	0	0	0	0	0	0	0	0	0	0	0	0	0	0	0	0	0	0	0	0	0	0	320	740	0	1490	0	0	0	0	0	0	0	0	0	0	0	0	0	0	0	0	0	0	0	0	0	0	0	0	0	0	0	0	0	0	0	0	0	0	0	0	0	0	0	0	0	0	
122936	Frontal_Inf_Orb_L	0	0	8920	0	9622	0	5348	0	10768	0	202	0	9520	0	0	0	0	0	0	0	842	0	548	0	448	0	1682	0	9656	0	1458	0	0	0	0	0	0	0	0	0	0	0	0	0	0	0	0	0	0	0	0	0	0	0	0	0	0	0	0	0	0	0	0	0	0	0	0	0	0	0	404	0	496	0	0	0	0	0	0	0	0	0	1554	0	0	0	0	0	0	0	0	0	0	0	0	0	0	0	0	0	0	0	0	0	0	0	0	0	0	0	0	0	0	0	0	0	
68308	Frontal_Inf_Orb_R	0	0	82	2928	0	5302	0	3650	0	4758	0	204	0	2560	0	0	0	0	0	592	156	1270	0	336	0	306	0	2162	0	5978	0	122	0	0	0	0	0	0	0	0	0	0	0	0	0	0	0	0	0	0	0	0	0	0	0	0	0	0	0	0	0	0	0	0	0	0	0	0	0	0	340	2138	0	1270	0	0	0	0	0	0	0	0	0	0	0	0	0	0	0	0	0	0	0	0	0	0	0	0	0	0	0	0	0	0	0	0	0	0	0	0	0	0	0	0	0	0	
234656	Rolandic_Oper_L	11928	0	10294	0	0	0	6138	0	0	0	11824	0	1328	0	0	0	0	0	4248	0	0	0	232	0	0	0	0	0	24506	0	0	0	116	0	0	0	658	0	96	0	0	0	1892	0	252	0	92	0	824	0	5768	0	344	0	294	0	10216	0	0	0	1504	0	2262	0	200	0	222	0	332	0	232	0	1254	0	0	0	90	0	8498	0	6562	0	1474	0	2670	0	0	0	978	0	0	0	0	0	0	0	0	0	0	0	0	0	0	0	0	0	0	0	0	0	0	0	0	0	0	0	
127496	Rolandic_Oper_R	146	3212	1814	6392	0	0	0	2898	0	0	0	6490	0	140	0	0	0	0	1790	3506	0	0	0	0	0	0	0	0	0	9602	0	0	0	0	104	144	0	1192	0	326	0	0	0	558	0	350	0	0	0	76	0	216	0	0	0	154	0	2610	0	318	0	264	0	1350	0	78	0	1088	0	402	134	0	0	2074	0	0	0	608	0	7812	0	7314	0	340	0	246	0	0	0	0	0	0	0	0	0	0	0	0	0	0	0	0	0	0	0	0	0	0	0	0	0	0	0	0	0	0	
517612	Supp_Motor_Area_L	3398	4564	74520	14986	0	0	7630	5904	0	0	8118	1406	1738	342	0	0	4248	1790	0	28598	0	0	6122	3074	0	0	0	0	12744	1750	4416	3998	9660	13128	1976	520	2124	544	108	136	0	0	0	0	0	0	0	0	0	0	112	0	0	0	162	0	178	772	0	0	0	0	0	0	0	0	86	0	8284	480	10170	1324	8212	2608	3548	482	1890	882	296	270	556	184	560	0	0	0	0	0	208	0	0	0	0	0	0	0	0	0	0	0	0	0	0	0	0	0	0	0	0	0	0	0	0	0	0	0	
594532	Supp_Motor_Area_R	5702	13426	19920	46818	0	0	1144	4232	0	0	82	4774	0	638	0	592	0	3506	28598	0	0	0	1776	6072	0	0	0	0	342	7316	3268	17188	9408	39604	1506	5958	0	2078	0	808	0	172	0	748	0	1236	0	0	0	1520	0	868	0	292	0	438	96	1912	0	368	0	0	0	310	0	418	0	2252	9094	23418	1406	13040	230	9480	0	1382	166	662	0	550	0	914	0	92	0	1446	0	0	0	0	0	0	0	0	0	0	0	0	0	0	0	0	0	0	0	0	0	0	0	0	0	0	0	0	0	0	
93344	Olfactory_L	0	0	0	186	2810	336	0	0	86	0	0	100	0	0	842	156	0	0	0	0	0	6512	0	280	762	892	4636	3878	2938	682	3422	2736	0	0	0	0	894	0	584	0	1130	0	0	0	0	0	0	0	0	0	0	0	0	0	730	0	0	0	0	0	0	0	0	0	0	0	0	0	0	0	8238	2114	1460	108	0	0	0	0	0	0	0	0	160	0	0	0	0	0	0	0	0	0	0	0	0	0	0	0	0	0	0	0	0	0	0	0	0	0	0	0	0	0	0	0	0	0	
115520	Olfactory_R	0	0	0	1106	306	2674	0	0	0	0	0	0	0	0	0	1270	0	0	0	0	6512	0	0	1098	156	1982	2246	9200	246	3332	2056	3646	0	0	0	0	0	0	0	0	0	286	0	0	0	0	0	0	0	0	0	0	0	0	0	0	0	0	0	0	0	0	0	0	0	0	0	0	0	0	9830	6668	4368	684	94	0	0	0	0	0	0	0	0	0	0	0	0	0	0	0	0	0	0	0	0	0	0	0	0	0	0	0	0	0	0	0	0	0	0	0	0	0	0	0	0	0	
383480	Frontal_Sup_Medial_L	282	0	48914	12586	1710	794	11892	2796	0	0	1084	0	2180	0	548	0	232	0	6122	1776	0	0	0	30148	2772	1482	110	0	3112	0	25348	13750	5630	14422	0	0	0	0	0	0	0	0	0	0	0	0	0	0	0	0	0	0	0	0	0	0	0	0	0	0	0	0	0	0	0	0	0	0	0	0	1340	326	1972	292	0	0	120	0	0	0	0	0	0	0	0	0	0	0	0	0	0	0	0	0	0	0	0	0	0	0	0	0	0	0	0	0	0	0	0	0	0	0	0	0	0	0	
328764	Frontal_Sup_Medial_R	0	0	11652	29332	0	2932	1958	4380	0	0	102	220	196	0	0	336	0	0	3074	6072	280	1098	30148	0	1282	6768	0	3212	292	1216	10342	23360	1316	12862	0	0	0	0	0	0	0	0	0	0	0	0	0	0	0	0	0	0	0	0	0	0	0	0	0	0	0	0	0	0	0	0	0	0	0	0	492	5852	154	5454	0	0	0	0	0	0	0	0	0	0	0	0	0	0	0	0	0	0	0	0	0	0	0	0	0	0	0	0	0	0	0	0	0	0	0	0	0	0	0	0	0	0	
66116	Frontal_Med_Orb_L	0	0	1246	232	5540	1874	0	0	476	0	0	0	88	0	448	0	0	0	0	0	762	156	2772	1282	0	3562	4336	126	242	0	9074	202	0	0	0	0	0	0	0	0	0	0	0	0	0	0	0	0	0	0	0	0	0	0	0	0	0	0	0	0	0	0	0	0	0	0	0	0	0	0	640	0	0	0	0	0	0	0	0	0	0	0	0	0	0	0	0	0	0	0	0	0	0	0	0	0	0	0	0	0	0	0	0	0	0	0	0	0	0	0	0	0	0	0	0	0	
107500	Frontal_Med_Orb_R	0	0	130	3616	628	7582	0	0	0	120	0	0	0	0	0	306	0	0	0	0	892	1982	1482	6768	3562	0	580	10306	0	106	3232	6094	0	0	0	0	0	0	0	0	0	0	0	0	0	0	0	0	0	0	0	0	0	0	0	0	0	0	0	0	0	0	0	0	0	0	0	0	0	0	950	2354	302	2758	0	0	0	0	0	0	0	0	0	0	0	0	0	0	0	0	0	0	0	0	0	0	0	0	0	0	0	0	0	0	0	0	0	0	0	0	0	0	0	0	0	0	
78200	Rectus_L	0	0	0	0	8474	310	0	0	3280	0	0	0	0	0	1682	0	0	0	0	0	4636	2246	110	0	4336	580	0	1658	504	0	5600	1884	0	0	0	0	0	0	0	0	0	0	0	0	0	0	0	0	0	0	0	0	0	0	0	0	0	0	0	0	0	0	0	0	0	0	0	0	0	0	3422	252	126	0	0	0	0	0	0	0	0	0	0	0	0	0	0	0	0	0	0	0	0	0	0	0	0	0	0	0	0	0	0	0	0	0	0	0	0	0	0	0	0	0	0	0	
137272	Rectus_R	0	0	0	2698	0	9792	0	0	0	1450	0	0	0	0	0	2162	0	0	0	0	3878	9200	0	3212	126	10306	1658	0	0	2474	2040	7012	0	0	0	0	0	0	0	0	0	0	0	0	0	0	0	0	0	0	0	0	0	0	0	0	0	0	0	0	0	0	0	0	0	0	0	0	0	0	4608	4104	2012	1904	0	0	0	0	0	0	0	0	0	0	0	0	0	0	0	0	0	0	0	0	0	0	0	0	0	0	0	0	0	0	0	0	0	0	0	0	0	0	0	0	0	0	
577536	Insula_L	15218	394	44112	630	3492	0	21700	0	446	0	24262	0	24532	0	9656	0	24506	0	12744	342	2938	246	3112	292	242	0	504	0	0	138	1738	210	120	258	868	826	9130	586	1834	0	2122	0	1650	0	192	0	134	0	716	0	5520	0	800	0	6588	0	7240	0	0	0	588	0	734	0	114	0	306	0	316	0	4098	144	16674	0	78	0	2472	648	10612	0	6856	0	2702	0	4424	0	0	0	7964	0	0	0	0	0	0	0	0	0	0	0	0	0	0	0	0	0	0	0	0	0	0	0	0	0	0	0	
279872	Insula_R	86	3126	2084	13846	0	1262	222	7396	0	246	0	21874	0	7190	0	5978	0	9602	1750	7316	682	3332	0	1216	0	106	0	2474	138	0	346	1600	0	416	626	632	642	5332	0	1582	0	948	0	0	0	0	0	0	0	0	0	0	0	0	0	2010	0	812	0	0	0	0	0	80	0	0	0	0	0	0	1586	6028	82	17324	0	0	156	3136	146	1950	0	2478	0	756	0	894	0	0	0	448	0	0	0	0	0	0	0	0	0	0	0	0	0	0	0	0	0	0	0	0	0	0	0	0	0	0	
354684	Cingulum_Ant_L	0	0	22104	10104	5430	1264	4346	2490	278	0	500	318	740	0	1458	0	0	0	4416	3268	3422	2056	25348	10342	9074	3232	5600	2040	1738	346	0	22334	4364	10922	538	0	0	176	0	0	0	0	0	0	0	0	0	0	0	0	0	0	0	0	0	0	0	0	0	0	0	0	0	0	0	0	0	0	210	0	7636	3176	5414	2318	0	0	134	0	0	0	0	0	206	0	0	0	0	0	0	0	0	0	0	0	0	0	0	0	0	0	0	0	0	0	0	0	0	0	0	0	0	0	0	0	0	0	
427220	Cingulum_Ant_R	0	0	5534	30498	0	922	418	7364	0	0	142	1294	152	0	0	122	0	0	3998	17188	2736	3646	13750	23360	202	6094	1884	7012	210	1600	22334	0	2956	21658	0	0	0	480	0	182	0	78	0	0	0	0	0	0	0	0	0	0	0	0	0	0	0	0	0	0	0	0	0	0	0	0	0	0	0	0	3736	17396	2090	14574	0	0	0	0	0	0	0	0	0	0	0	0	0	0	0	0	0	0	0	0	0	0	0	0	0	0	0	0	0	0	0	0	0	0	0	0	0	0	0	0	0	0	
155020	Cingulum_Mid_L	148	496	5398	3468	0	0	916	1272	0	0	0	0	0	0	0	0	116	0	9660	9408	0	0	5630	1316	0	0	0	0	120	0	4364	2956	0	12424	4520	2110	0	0	0	0	0	0	238	0	386	138	0	0	902	100	758	0	0	0	0	0	0	0	0	0	0	0	0	0	0	0	2268	572	5762	1400	0	110	0	114	0	0	100	0	110	0	0	0	0	0	230	0	0	0	0	0	0	0	0	0	0	0	0	0	0	0	0	0	0	0	0	0	0	0	0	0	0	0	0	0	0	0	
442220	Cingulum_Mid_R	1294	2338	9620	20276	0	0	2262	5182	0	0	204	820	208	184	0	0	0	0	13128	39604	0	0	14422	12862	0	0	0	0	258	416	10922	21658	12424	0	1184	8798	0	238	0	0	0	0	0	612	0	4884	0	468	0	3864	0	1724	0	0	0	96	0	1672	0	0	0	0	0	220	0	120	866	8220	3770	12280	0	1968	0	1836	0	0	0	0	0	0	0	0	0	0	0	208	0	0	0	0	0	0	0	0	0	0	0	0	0	0	0	0	0	0	0	0	0	0	0	0	0	0	0	0	0	0	
169012	Cingulum_Post_L	4624	2820	960	2196	0	0	518	0	0	0	0	0	0	0	0	0	0	104	1976	1506	0	0	0	0	0	0	0	0	868	626	538	0	4520	1184	0	12694	8892	6286	1324	306	0	0	2854	162	1114	0	990	352	0	0	780	0	0	0	510	0	1026	0	0	0	0	0	0	0	0	0	5640	812	6750	1262	0	0	0	0	0	0	2588	5536	1054	82	0	0	0	0	584	0	0	0	340	0	0	0	0	0	0	0	0	128	0	0	0	0	0	0	0	0	0	0	0	0	0	0	0	0	0	0	
200936	Cingulum_Post_R	3334	3418	1262	2520	0	0	570	0	0	0	0	88	0	0	0	0	0	144	520	5958	0	0	0	0	0	0	0	0	826	632	0	0	2110	8798	12694	0	7170	8710	590	598	0	0	0	3680	0	1656	84	3890	0	514	0	462	0	292	428	232	400	902	0	0	0	0	0	0	0	0	1222	8830	522	5514	82	0	0	0	0	0	3330	6342	1022	116	0	86	0	0	0	0	0	0	334	0	0	0	0	0	0	0	0	312	0	0	0	0	0	0	0	0	0	0	0	0	274	0	0	0	0	0	
251192	Hippocampus_L	2576	2134	4872	1876	0	0	1512	76	0	0	228	0	0	0	0	0	658	0	2124	0	894	0	0	0	0	0	0	0	9130	642	0	0	0	0	8892	7170	0	5668	11724	342	6968	0	908	0	0	0	3708	326	0	0	88	0	100	0	13472	0	1308	0	0	0	0	0	0	0	0	0	2080	154	0	0	2432	0	7030	0	738	0	5178	4780	3782	0	1030	0	1156	0	668	0	130	0	8210	0	0	0	0	0	0	128	0	134	0	0	0	0	0	0	0	0	0	0	234	336	0	0	0	0	0	0	
268416	Hippocampus_R	564	7564	1102	8444	0	0	404	1342	0	0	0	1338	0	326	0	0	0	1192	544	2078	0	0	0	0	0	0	0	0	586	5332	176	480	0	238	6286	8710	5668	0	490	20388	0	8406	0	890	0	0	0	3424	0	0	0	0	0	216	350	15454	232	174	0	0	0	0	0	0	0	0	0	3082	0	122	134	950	0	10738	0	764	2474	7342	656	582	0	420	0	1242	0	244	0	300	266	1072	0	0	0	0	0	0	0	1162	0	0	0	0	0	0	0	0	0	0	0	0	260	0	0	0	0	0	
84480	ParaHippocampal_L	442	0	686	0	0	0	258	0	0	0	0	0	0	0	0	0	96	0	108	0	584	0	0	0	0	0	0	0	1834	0	0	0	0	0	1324	590	11724	490	0	100	2588	0	822	0	0	0	4546	148	0	0	1136	0	466	0	5886	0	208	0	0	0	0	0	0	0	0	0	1492	90	0	0	340	0	1124	0	0	0	574	250	100	0	232	0	712	0	366	0	76	0	1092	0	0	0	0	0	0	232	318	0	160	0	0	0	0	0	0	0	0	0	394	652	0	0	0	0	0	0	
119604	ParaHippocampal_R	0	1174	186	2272	0	0	0	618	0	0	0	394	0	184	0	0	0	326	136	808	0	0	0	0	0	0	0	0	0	1582	0	182	0	0	306	598	342	20388	100	0	0	4460	0	0	0	0	0	1878	0	0	0	0	0	340	0	11092	0	128	0	0	0	0	0	0	0	0	0	400	0	0	0	358	0	5424	0	552	0	1114	0	114	0	106	0	1328	0	0	0	756	0	800	0	0	0	0	0	0	0	1356	0	0	0	0	0	0	0	0	0	0	0	0	0	0	0	0	0	0	
40116	Amygdala_L	0	0	0	0	0	0	0	0	0	0	0	0	0	0	0	0	0	0	0	0	1130	0	0	0	0	0	0	0	2122	0	0	0	0	0	0	0	6968	0	2588	0	0	0	0	0	0	0	0	0	0	0	0	0	0	0	3852	0	0	0	0	0	0	0	0	0	0	0	0	0	0	0	0	0	782	0	0	0	0	0	0	0	94	0	994	0	118	0	120	0	1290	0	0	0	0	0	0	0	0	0	0	0	0	0	0	0	0	0	0	0	0	0	0	0	0	0	0	0	
48512	Amygdala_R	0	0	0	316	0	0	0	0	0	0	0	122	0	0	0	0	0	0	0	172	0	286	0	0	0	0	0	0	0	948	0	78	0	0	0	0	0	8406	0	4460	0	0	0	0	0	0	0	0	0	0	0	0	0	0	0	5202	0	0	0	0	0	0	0	0	0	0	0	0	0	0	0	82	0	1728	0	0	0	110	0	0	0	0	0	2060	0	0	0	286	0	0	0	0	0	0	0	0	0	0	0	0	0	0	0	0	0	0	0	0	0	0	0	0	0	0	0	0	
222292	Calcarine_L	914	0	0	0	0	0	0	0	0	0	0	0	0	0	0	0	1892	0	0	0	0	0	0	0	0	0	0	0	1650	0	0	0	238	0	2854	0	908	0	822	0	0	0	0	6128	6822	4348	14380	1740	6344	2750	29356	206	5694	206	2570	170	1498	0	0	0	0	0	0	0	422	0	8378	214	510	0	0	0	0	0	0	0	0	0	1792	0	88	0	0	0	2776	0	0	0	518	0	700	242	0	0	0	0	1046	458	1106	474	0	0	0	0	0	0	0	0	0	0	844	88	0	0	0	0	
339428	Calcarine_R	0	1432	0	306	0	0	0	0	0	0	0	330	0	0	0	0	0	558	0	748	0	0	0	0	0	0	0	0	0	0	0	0	0	612	162	3680	0	890	0	0	0	0	6128	0	7560	27996	770	18866	92	21778	0	10712	0	3852	0	12658	0	2260	0	144	0	0	0	172	0	150	184	25916	0	2194	0	0	0	0	0	0	0	0	0	482	0	604	0	0	0	11942	0	0	0	6322	0	0	0	0	0	0	0	100	0	0	0	0	0	0	0	0	0	0	0	0	114	0	0	0	0	0	
148384	Cuneus_L	114	0	0	0	0	0	0	0	0	0	0	0	0	0	0	0	252	0	0	0	0	0	0	0	0	0	0	0	192	0	0	0	386	0	1114	0	0	0	0	0	0	0	6822	7560	0	8804	1394	1242	15218	5858	11870	496	0	0	0	0	402	0	304	0	0	0	0	0	130	0	6966	728	896	0	0	0	0	0	0	0	0	0	256	0	0	0	0	0	3080	108	0	0	0	0	0	0	0	0	0	0	0	0	0	0	0	0	0	0	0	0	0	0	0	0	0	0	0	0	0	0	
283560	Cuneus_R	0	922	0	302	0	0	0	0	0	0	0	186	0	0	0	0	0	350	0	1236	0	0	0	0	0	0	0	0	0	0	0	0	138	4884	0	1656	0	0	0	0	0	0	4348	27996	8804	0	242	3906	190	34054	0	11160	0	438	0	1098	0	2052	0	1040	0	0	0	80	0	208	3360	27224	78	3010	0	0	0	0	0	0	0	0	0	268	0	250	0	0	0	1892	0	0	0	408	0	0	0	0	0	0	0	0	0	0	0	0	0	0	0	0	0	0	0	0	0	0	0	0	0	0	
272468	Lingual_L	346	0	350	0	0	0	206	0	0	0	0	0	0	0	0	0	92	0	0	0	0	0	0	0	0	0	0	0	134	0	0	0	0	0	990	84	3708	0	4546	0	0	0	14380	770	1394	242	0	3418	2388	180	14610	0	9474	140	20108	1862	202	0	0	0	0	0	0	0	0	0	2750	0	0	0	0	0	400	0	0	0	298	0	120	0	0	0	0	0	210	0	0	0	360	0	8964	1486	154	82	148	78	11426	542	17660	2988	0	0	0	0	0	0	0	0	0	82	4138	4396	328	0	0	0	
284472	Lingual_R	0	120	0	0	0	0	0	0	0	0	0	0	0	0	0	0	0	0	0	0	0	0	0	0	0	0	0	0	0	0	0	0	0	468	352	3890	326	3424	148	1878	0	0	1740	18866	1242	3906	3418	0	0	4318	0	1162	404	5908	2486	23266	0	310	0	0	0	0	0	0	0	0	176	8086	0	164	0	0	0	0	0	0	126	216	0	0	0	0	0	0	0	188	0	0	0	764	2674	6308	634	350	134	196	2154	7806	6134	11670	0	0	0	0	290	0	0	0	104	280	8360	7594	196	0	0	0	
130080	Occipital_Sup_L	316	0	0	0	0	0	0	0	0	0	0	0	0	0	0	0	824	0	0	0	0	0	0	0	0	0	0	0	716	0	0	0	902	0	0	0	0	0	0	0	0	0	6344	92	15218	190	2388	0	0	0	24642	0	294	0	0	0	456	0	3562	0	2178	0	0	0	130	0	4694	154	0	0	0	0	0	0	0	0	0	0	786	0	0	0	0	0	1154	0	0	0	0	0	0	0	0	0	0	0	0	0	0	0	0	0	0	0	0	0	0	0	0	0	0	0	0	0	0	0	
302024	Occipital_Sup_R	0	1932	0	366	0	0	0	0	0	0	0	0	0	0	0	0	0	76	0	1520	0	0	0	0	0	0	0	0	0	0	0	0	100	3864	0	514	0	0	0	0	0	0	2750	21778	5858	34054	180	4318	0	0	0	23240	0	1720	0	1058	0	4874	0	5162	0	1972	0	650	0	5364	824	20412	0	4786	0	0	0	0	0	0	0	0	0	0	0	254	0	0	0	2646	0	0	0	740	0	0	0	0	0	0	0	0	0	0	0	0	0	0	0	0	0	0	0	0	0	0	0	0	0	0	
425032	Occipital_Mid_L	4784	0	0	0	0	0	232	0	0	0	98	0	0	0	0	0	5768	0	112	0	0	0	0	0	0	0	0	0	5520	0	0	0	758	0	780	0	88	0	1136	0	0	0	29356	0	11870	0	14610	0	24642	0	0	0	15220	0	6270	84	9860	0	9240	0	11918	0	840	0	12222	0	7348	0	1268	0	0	0	0	0	0	0	0	0	5136	0	980	0	0	0	26518	0	0	0	5306	0	0	86	0	0	0	0	0	0	278	94	0	0	0	0	0	0	0	0	0	0	0	94	0	0	0	0	
210492	Occipital_Mid_R	0	1098	0	130	0	0	0	0	0	0	0	136	0	0	0	0	0	216	0	868	0	0	0	0	0	0	0	0	0	0	0	0	0	1724	0	462	0	0	0	0	0	0	206	10712	496	11160	0	1162	0	23240	0	0	0	3826	0	1088	0	2764	0	1654	0	3030	0	94	0	11782	248	11286	0	2670	0	0	0	0	0	0	0	0	0	178	0	738	0	0	0	12318	0	0	0	1960	0	0	0	0	0	0	0	0	0	0	0	0	0	0	0	0	0	0	0	0	0	0	0	0	0	0	
99668	Occipital_Inf_L	542	0	0	0	0	0	0	0	0	0	0	0	0	0	0	0	344	0	0	0	0	0	0	0	0	0	0	0	800	0	0	0	0	0	0	0	100	0	466	0	0	0	5694	0	0	0	9474	404	294	0	15220	0	0	0	8026	378	178	0	0	0	0	0	0	0	124	0	160	0	0	0	0	0	0	0	0	0	0	0	390	0	0	0	0	0	1166	0	0	0	2158	0	262	268	0	0	0	0	226	0	1694	552	0	0	0	0	0	0	0	0	0	0	84	830	0	0	0	0	
84716	Occipital_Inf_R	0	258	0	0	0	0	0	0	0	0	0	0	0	0	0	0	0	0	0	292	0	0	0	0	0	0	0	0	0	0	0	0	0	0	0	292	0	216	0	340	0	0	206	3852	0	438	140	5908	0	1720	0	3826	0	0	278	8764	0	0	0	0	0	0	0	0	0	0	0	1148	0	438	0	0	0	0	0	0	0	0	0	0	0	204	0	0	0	2276	0	0	0	6486	282	312	0	0	0	0	220	426	770	1416	0	0	0	0	80	0	0	0	0	0	790	980	0	0	0	0	
422836	Fusiform_L	846	88	734	0	0	0	80	0	0	0	210	0	0	0	0	0	294	0	162	0	730	0	0	0	0	0	0	0	6588	0	0	0	0	0	510	428	13472	350	5886	0	3852	0	2570	0	0	0	20108	2486	0	0	6270	0	8026	278	0	2168	170	0	0	0	0	0	0	0	0	0	152	0	0	0	648	0	1772	0	0	0	774	346	2364	0	3098	0	3976	0	6438	0	2502	0	23270	0	24252	2056	1066	136	348	0	14530	174	33874	3314	350	0	696	0	0	0	0	0	0	0	3572	4912	492	0	0	0	
439168	Fusiform_R	0	720	0	408	0	0	0	88	0	0	0	80	0	0	0	0	0	154	0	438	0	0	0	0	0	0	0	0	0	2010	0	0	0	96	0	232	0	15454	0	11092	0	5202	170	12658	0	1098	1862	23266	0	1058	84	1088	378	8764	2168	0	0	1210	0	302	0	332	0	658	0	0	0	6976	0	496	0	78	0	1502	0	174	0	0	0	650	0	1942	0	5510	0	4884	0	3840	0	17172	3088	18458	720	900	138	962	1008	12252	6144	26472	0	114	0	152	328	0	0	0	112	288	6094	7250	622	106	82	0	
243904	Postcentral_L	26942	806	2478	836	0	0	1150	0	0	0	2656	0	0	0	0	0	10216	0	178	96	0	0	0	0	0	0	0	0	7240	0	0	0	0	0	1026	400	1308	232	208	0	0	0	1498	0	402	0	202	0	456	0	9860	0	178	0	170	0	0	0	7634	0	16016	0	4228	0	628	0	4672	0	2174	0	112	0	2436	0	0	0	1264	224	3716	0	2892	0	0	0	6964	0	0	0	454	0	0	0	0	0	0	0	0	0	0	0	0	0	0	0	0	0	0	0	0	0	0	0	0	0	0	0	
191716	Postcentral_R	0	11674	822	1738	0	0	0	670	0	0	0	1324	0	0	0	0	0	2610	772	1912	0	0	0	0	0	0	0	0	0	812	0	0	0	1672	0	902	0	174	0	128	0	0	0	2260	0	2052	0	310	0	4874	0	2764	0	0	0	1210	0	0	0	6960	0	2910	0	10078	0	796	0	14796	0	9424	316	0	0	166	0	0	0	0	0	674	0	2260	0	0	0	6474	0	0	0	2324	0	0	0	0	0	0	0	0	0	0	0	0	0	0	0	0	0	0	0	0	0	0	0	0	0	0	
83796	Parietal_Sup_L	0	0	0	0	0	0	0	0	0	0	0	0	0	0	0	0	0	0	0	0	0	0	0	0	0	0	0	0	0	0	0	0	0	0	0	0	0	0	0	0	0	0	0	0	304	0	0	0	3562	0	9240	0	0	0	0	0	7634	0	0	0	10332	0	0	0	208	0	8118	0	124	0	0	0	0	0	0	0	0	0	0	0	0	0	0	0	2376	0	0	0	0	0	0	0	0	0	0	0	0	0	0	0	0	0	0	0	0	0	0	0	0	0	0	0	0	0	0	0	
88812	Parietal_Sup_R	0	940	0	244	0	0	0	102	0	0	0	248	0	0	0	0	0	318	0	368	0	0	0	0	0	0	0	0	0	0	0	0	0	0	0	0	0	0	0	0	0	0	0	144	0	1040	0	0	0	5162	0	1654	0	0	0	302	0	6960	0	0	0	4976	0	3224	0	3290	264	10462	0	362	0	0	0	0	0	0	0	0	0	224	0	1242	0	0	0	2366	0	0	0	514	0	0	0	0	0	0	0	0	0	0	0	0	0	0	0	0	0	0	0	0	0	0	0	0	0	0	
152568	Parietal_Inf_L	426	0	0	0	0	0	138	0	0	0	0	0	0	0	0	0	1504	0	0	0	0	0	0	0	0	0	0	0	588	0	0	0	0	0	0	0	0	0	0	0	0	0	0	0	0	0	0	0	2178	0	11918	0	0	0	0	0	16016	0	10332	0	0	0	13558	0	8498	0	1186	0	0	0	0	0	0	0	0	0	0	0	150	0	1302	0	0	0	8064	0	0	0	426	0	0	0	0	0	0	0	0	0	0	0	0	0	0	0	0	0	0	0	0	0	0	0	0	0	0	0	
68764	Parietal_Inf_R	0	676	0	106	0	0	0	104	0	0	0	190	0	0	0	0	0	264	0	0	0	0	0	0	0	0	0	0	0	0	0	0	0	0	0	0	0	0	0	0	0	0	0	0	0	0	0	0	0	1972	0	3030	0	0	0	332	0	2910	0	4976	0	0	0	7076	0	8578	0	1260	0	126	0	0	0	0	0	0	0	0	0	236	0	1314	0	0	0	960	0	0	0	272	0	0	0	0	0	0	0	0	0	0	0	0	0	0	0	0	0	0	0	0	0	0	0	0	0	0	
70080	SupraMarginal_L	114	0	0	0	0	0	0	0	0	0	0	0	0	0	0	0	2262	0	0	0	0	0	0	0	0	0	0	0	734	0	0	0	0	0	0	0	0	0	0	0	0	0	0	0	0	0	0	0	0	0	840	0	0	0	0	0	4228	0	0	0	13558	0	0	0	3544	0	0	0	0	0	0	0	0	0	0	0	0	0	0	0	3224	0	0	0	6268	0	0	0	268	0	0	0	0	0	0	0	0	0	0	0	0	0	0	0	0	0	0	0	0	0	0	0	0	0	0	0	
80088	SupraMarginal_R	0	2420	0	444	0	0	0	228	0	0	0	452	0	0	0	0	0	1350	0	310	0	0	0	0	0	0	0	0	0	80	0	0	0	220	0	0	0	0	0	0	0	0	0	172	0	80	0	0	0	650	0	94	0	0	0	658	0	10078	0	3224	0	7076	0	0	0	2404	0	1674	0	300	0	0	0	0	0	0	0	0	0	590	0	4336	0	0	0	2584	0	0	0	620	0	0	0	0	0	0	0	0	0	0	0	0	0	0	0	0	0	0	0	0	0	0	0	0	0	0	
70984	Angular_L	502	0	0	0	0	0	0	0	0	0	0	0	0	0	0	0	200	0	0	0	0	0	0	0	0	0	0	0	114	0	0	0	0	0	0	0	0	0	0	0	0	0	422	0	130	0	0	0	130	0	12222	0	124	0	0	0	628	0	208	0	8498	0	3544	0	0	0	190	0	146	0	0	0	0	0	0	0	0	0	94	0	384	0	0	0	7608	0	0	0	348	0	0	0	0	0	0	0	0	0	0	0	0	0	0	0	0	0	0	0	0	0	0	0	0	0	0	0	
87648	Angular_R	0	360	0	0	0	0	0	0	0	0	0	0	0	0	0	0	0	78	0	418	0	0	0	0	0	0	0	0	0	0	0	0	0	120	0	0	0	0	0	0	0	0	0	150	0	208	0	0	0	5364	0	11782	0	0	0	0	0	796	0	3290	0	8578	0	2404	0	0	0	2046	0	746	0	0	0	0	0	0	0	0	0	0	0	2628	0	0	0	4856	0	0	0	0	0	0	0	0	0	0	0	0	0	0	0	0	0	0	0	0	0	0	0	0	0	0	0	0	0	0	
151996	Precuneus_L	298	0	0	0	0	0	0	0	0	0	0	0	0	0	0	0	222	0	86	0	0	0	0	0	0	0	0	0	306	0	0	0	2268	866	5640	1222	2080	0	1492	0	0	0	8378	184	6966	3360	2750	176	4694	824	7348	248	160	0	152	0	4672	0	8118	264	1186	0	0	0	190	0	0	5704	2244	0	0	0	0	0	0	0	0	0	218	0	0	0	0	0	2976	0	0	0	706	0	0	0	0	0	0	0	0	0	0	0	0	0	0	0	0	0	0	0	0	0	0	0	0	0	0	0	
410448	Precuneus_R	0	3554	0	748	0	0	0	0	0	0	0	670	0	0	0	0	0	1088	0	2252	0	0	0	0	0	0	0	0	0	0	0	0	572	8220	812	8830	154	3082	90	400	0	0	214	25916	728	27224	0	8086	154	20412	0	11286	0	1148	0	6976	0	14796	0	10462	0	1260	0	1674	0	2046	5704	0	156	10814	0	0	0	0	0	0	90	0	0	894	0	2458	0	0	0	15436	0	0	0	6106	0	0	0	0	0	0	0	340	0	0	0	0	0	0	0	0	0	0	0	0	372	0	0	0	0	0	
110528	Paracentral_Lobule_L	3442	1848	346	1180	0	0	0	0	0	0	0	0	0	0	0	0	332	0	8284	9094	0	0	0	0	0	0	0	0	316	0	210	0	5762	3770	6750	522	0	0	0	0	0	0	510	0	896	78	0	0	0	0	1268	0	0	0	0	0	2174	0	124	0	0	0	0	0	146	0	2244	156	0	4164	0	0	0	0	0	0	104	0	296	0	0	0	0	0	1248	0	0	0	0	0	0	0	0	0	0	0	0	0	0	0	0	0	0	0	0	0	0	0	0	0	0	0	0	0	0	0	
211804	Paracentral_Lobule_R	5182	9498	242	320	0	0	298	0	0	0	0	78	0	0	0	0	0	402	480	23418	0	0	0	0	0	0	0	0	0	0	0	0	1400	12280	1262	5514	0	122	0	0	0	0	0	2194	0	3010	0	164	0	4786	0	2670	0	438	0	496	0	9424	0	362	0	126	0	300	0	746	0	10814	4164	0	0	0	0	0	0	0	0	0	0	148	0	596	0	0	0	3950	0	0	0	1018	0	0	0	0	0	0	0	0	0	0	0	0	0	0	0	0	0	0	0	0	0	0	0	0	0	0	
297532	Caudate_L	916	1334	19650	2812	1898	484	1472	3782	134	0	340	872	0	320	404	340	232	134	10170	1406	8238	9830	1340	492	640	950	3422	4608	4098	1586	7636	3736	0	0	0	82	2432	134	340	0	0	0	0	0	0	0	0	0	0	0	0	0	0	0	648	0	112	316	0	0	0	0	0	0	0	0	0	0	0	0	0	13566	22708	3096	2486	0	8702	428	0	0	240	0	0	0	0	0	0	0	200	0	0	0	0	0	0	0	0	0	0	0	0	0	0	0	0	0	0	0	0	0	0	0	0	0	0	0	
331944	Caudate_R	0	5490	1590	20288	0	1246	92	3592	0	0	0	2920	0	740	0	2138	0	0	1324	13040	2114	6668	326	5852	0	2354	252	4104	144	6028	3176	17396	110	1968	0	0	0	950	0	358	0	82	0	0	0	0	0	0	0	0	0	0	0	0	0	78	0	0	0	0	0	0	0	0	0	0	0	0	0	0	13566	0	6758	23760	172	1312	1432	14552	0	0	0	0	0	0	0	0	0	0	0	0	0	0	0	0	0	0	0	0	0	0	0	0	0	0	0	0	0	0	0	0	0	0	0	0	0	0	
258236	Putamen_L	3116	118	19744	394	0	136	2884	142	0	0	2238	0	568	0	496	0	1254	0	8212	230	1460	4368	1972	154	0	302	126	2012	16674	82	5414	2090	0	0	0	0	7030	0	1124	0	782	0	0	0	0	0	400	0	0	0	0	0	0	0	1772	0	2436	0	0	0	0	0	0	0	0	0	0	0	0	0	22708	6758	0	1918	4434	0	3248	152	0	0	806	0	294	0	0	0	0	0	1070	0	0	0	0	0	0	0	0	0	0	0	0	0	0	0	0	0	0	0	0	0	0	0	0	0	0	0	
316028	Putamen_R	0	4130	2798	17606	0	1314	0	4264	0	0	0	4254	0	1490	0	1270	0	2074	2608	9480	108	684	292	5454	0	2758	0	1904	0	17324	2318	14574	114	1836	0	0	0	10738	0	5424	0	1728	0	0	0	0	0	0	0	0	0	0	0	0	0	1502	0	166	0	0	0	0	0	0	0	0	0	0	0	0	3096	23760	1918	0	0	1820	204	7042	0	934	0	766	0	0	0	0	0	0	0	0	0	0	0	0	0	0	0	262	0	0	0	0	0	0	0	0	0	0	0	0	0	0	0	0	0	0	
36956	Pallidum_L	222	0	4742	0	0	0	162	0	0	0	0	0	0	0	0	0	0	0	3548	0	0	94	0	0	0	0	0	0	78	0	0	0	0	0	0	0	738	0	0	0	0	0	0	0	0	0	0	0	0	0	0	0	0	0	0	0	0	0	0	0	0	0	0	0	0	0	0	0	0	0	2486	172	4434	0	0	0	1704	98	0	0	0	0	0	0	0	0	0	0	0	0	0	0	0	0	0	0	0	0	0	0	0	0	0	0	0	0	0	0	0	0	0	0	0	0	0	0	
16412	Pallidum_R	0	0	486	1234	0	0	0	0	0	0	0	0	0	0	0	0	0	0	482	1382	0	0	0	0	0	0	0	0	0	0	0	0	0	0	0	0	0	764	0	552	0	0	0	0	0	0	0	0	0	0	0	0	0	0	0	174	0	0	0	0	0	0	0	0	0	0	0	0	0	0	0	1312	0	1820	0	0	0	0	0	0	0	0	0	0	0	0	0	0	0	0	0	0	0	0	0	0	0	0	0	0	0	0	0	0	0	0	0	0	0	0	0	0	0	0	0	0	
123500	Thalamus_L	2462	3064	5194	2308	0	0	1998	0	0	0	138	0	0	0	0	0	90	0	1890	166	0	0	120	0	0	0	0	0	2472	156	134	0	100	0	2588	3330	5178	2474	574	0	0	0	0	0	0	0	298	126	0	0	0	0	0	0	774	0	1264	0	0	0	0	0	0	0	0	0	0	90	104	0	8702	1432	3248	204	1704	0	0	8402	482	0	0	0	0	0	0	0	0	0	484	0	0	0	0	0	0	0	0	0	0	0	0	0	0	0	0	0	0	0	0	0	0	0	0	0	0	0	
198104	Thalamus_R	542	14906	1474	15490	0	0	392	1236	0	0	0	566	0	0	0	0	0	608	882	662	0	0	0	0	0	0	0	0	648	3136	0	0	0	0	5536	6342	4780	7342	250	1114	0	110	0	0	0	0	0	216	0	0	0	0	0	0	346	0	224	0	0	0	0	0	0	0	0	0	0	0	0	0	428	14552	152	7042	98	0	8402	0	626	282	0	270	0	0	0	0	0	0	260	0	0	0	0	0	0	0	0	138	0	0	0	0	0	0	0	0	0	0	0	0	0	0	0	0	0	0	
120100	Heschl_L	4608	258	1054	196	0	0	828	0	0	0	722	0	0	0	0	0	8498	0	296	0	0	0	0	0	0	0	0	0	10612	146	0	0	110	0	1054	1022	3782	656	100	0	0	0	1792	0	256	0	120	0	786	0	5136	0	390	0	2364	0	3716	0	0	0	150	0	0	0	94	0	218	0	296	0	0	0	0	0	0	0	482	626	0	0	1984	0	0	0	3758	0	0	0	3940	0	0	0	0	0	0	0	0	0	0	0	0	0	0	0	0	0	0	0	0	0	0	0	0	0	0	0	
59024	Heschl_R	118	1454	274	842	0	0	0	490	0	0	0	2554	0	0	0	0	0	7812	270	550	0	0	0	0	0	0	0	0	0	1950	0	0	0	0	82	116	0	582	0	114	0	0	0	482	0	268	0	0	0	0	0	178	0	0	0	650	0	674	0	224	0	236	0	590	0	0	0	894	0	148	0	0	0	934	0	0	0	282	0	0	0	5974	0	0	0	334	0	0	0	436	0	0	0	0	0	0	0	0	0	0	0	0	0	0	0	0	0	0	0	0	0	0	0	0	0	0	
123320	Temporal_Sup_L	1732	0	1452	0	0	0	422	0	0	0	1314	0	206	0	0	0	6562	0	556	0	0	0	0	0	0	0	0	0	6856	0	0	0	0	0	0	0	1030	0	232	0	94	0	88	0	0	0	0	0	0	0	980	0	0	0	3098	0	2892	0	0	0	1302	0	3224	0	384	0	0	0	0	0	240	0	806	0	0	0	0	0	1984	0	0	0	2336	0	14410	0	0	0	9460	0	0	0	0	0	0	0	0	0	0	0	0	0	0	0	0	0	0	0	0	0	0	0	0	0	0	0	
125540	Temporal_Sup_R	76	1888	206	1108	0	0	0	528	0	0	0	2980	0	0	0	0	0	7314	184	914	0	0	0	0	0	0	0	0	0	2478	0	0	0	0	0	86	0	420	0	106	0	0	0	604	0	250	0	0	0	254	0	738	0	204	0	1942	0	2260	0	1242	0	1314	0	4336	0	2628	0	2458	0	596	0	0	0	766	0	0	0	270	0	5974	0	0	0	1176	0	15456	0	228	0	1786	0	0	0	0	0	0	0	0	0	0	0	0	0	0	0	0	0	0	0	0	0	0	0	0	0	0	
86232	Temporal_Pole_Sup_L	78	0	918	0	698	0	238	0	174	0	1882	0	1130	0	1554	0	1474	0	560	0	160	0	0	0	0	0	0	0	2702	0	206	0	0	0	0	0	1156	0	712	0	994	0	0	0	0	0	0	0	0	0	0	0	0	0	3976	0	0	0	0	0	0	0	0	0	0	0	0	0	0	0	0	0	294	0	0	0	0	0	0	0	2336	0	0	0	8962	0	5946	0	6966	0	0	0	0	0	0	0	0	0	0	0	0	0	0	0	0	0	0	0	0	0	0	0	0	0	0	0	
45604	Temporal_Pole_Sup_R	0	0	0	174	0	0	0	76	0	0	0	76	0	0	0	0	0	340	0	92	0	0	0	0	0	0	0	0	0	756	0	0	0	0	0	0	0	1242	0	1328	0	2060	0	0	0	0	0	0	0	0	0	0	0	0	0	5510	0	0	0	0	0	0	0	0	0	0	0	0	0	0	0	0	0	0	0	0	0	0	0	0	0	1176	0	0	0	2304	0	5536	0	2132	0	0	0	0	0	0	0	0	0	0	0	0	0	0	0	0	0	0	0	0	0	0	0	0	0	0	
316628	Temporal_Mid_L	4028	0	0	0	0	0	186	0	0	0	180	0	0	0	0	0	2670	0	0	0	0	0	0	0	0	0	0	0	4424	0	0	0	230	0	584	0	668	0	366	0	118	0	2776	0	3080	0	210	0	1154	0	26518	0	1166	0	6438	0	6964	0	2376	0	8064	0	6268	0	7608	0	2976	0	1248	0	0	0	0	0	0	0	0	0	3758	0	14410	0	8962	0	0	0	6642	0	34242	0	0	0	0	0	0	0	0	0	0	0	0	0	0	0	0	0	0	0	0	0	0	0	0	0	0	0	
244860	Temporal_Mid_R	0	1890	0	118	0	0	0	0	0	0	0	130	0	0	0	0	0	246	0	1446	0	0	0	0	0	0	0	0	0	894	0	0	0	208	0	0	0	244	0	0	0	0	0	11942	108	1892	0	188	0	2646	0	12318	0	2276	0	4884	0	6474	0	2366	0	960	0	2584	0	4856	0	15436	0	3950	0	0	0	0	0	0	0	0	0	334	0	15456	0	2304	0	0	0	2948	0	23332	0	0	0	0	0	0	0	0	0	0	0	0	0	0	0	0	0	0	0	0	0	0	0	0	0	0	
40264	Temporal_Pole_Mid_L	0	0	0	0	0	0	0	0	0	0	0	0	0	0	0	0	0	0	0	0	0	0	0	0	0	0	0	0	0	0	0	0	0	0	0	0	130	0	76	0	120	0	0	0	0	0	0	0	0	0	0	0	0	0	2502	0	0	0	0	0	0	0	0	0	0	0	0	0	0	0	0	0	0	0	0	0	0	0	0	0	0	0	5946	0	6642	0	0	0	4716	0	0	0	0	0	0	0	0	0	0	0	0	0	0	0	0	0	0	0	0	0	0	0	0	0	0	0	
34740	Temporal_Pole_Mid_R	0	0	0	0	0	0	0	0	0	0	0	0	0	0	0	0	0	0	0	0	0	0	0	0	0	0	0	0	0	0	0	0	0	0	0	0	0	300	0	756	0	286	0	0	0	0	0	0	0	0	0	0	0	0	0	3840	0	0	0	0	0	0	0	0	0	0	0	0	0	0	0	0	0	0	0	0	0	0	0	0	0	228	0	5536	0	2948	0	0	0	3476	0	0	0	0	0	0	0	0	0	0	0	0	0	0	0	0	0	0	0	0	0	0	0	0	0	0	
245512	Temporal_Inf_L	1754	94	616	0	0	0	150	0	0	0	282	0	0	0	0	0	978	0	208	0	0	0	0	0	0	0	0	0	7964	0	0	0	0	0	340	334	8210	266	1092	0	1290	0	518	0	0	0	360	0	0	0	5306	0	2158	0	23270	0	454	0	0	0	426	0	268	0	348	0	706	0	0	0	200	0	1070	0	0	0	484	260	3940	0	9460	0	6966	0	34242	0	4716	0	0	0	2814	0	236	0	0	0	0	0	728	0	98	0	150	0	0	0	0	0	0	0	0	0	0	0	0	0	
160048	Temporal_Inf_R	0	318	0	0	0	0	0	0	0	0	0	0	0	0	0	0	0	0	0	0	0	0	0	0	0	0	0	0	0	448	0	0	0	0	0	0	0	1072	0	800	0	0	0	6322	0	408	0	764	0	740	0	1960	0	6486	0	17172	0	2324	0	514	0	272	0	620	0	0	0	6106	0	1018	0	0	0	0	0	0	0	0	0	436	0	1786	0	2132	0	23332	0	3476	0	0	0	1276	0	110	0	0	0	0	0	132	0	0	0	0	0	0	0	0	0	0	0	0	0	0	0	0	
504972	Cerebelum_Crus1_L	0	0	0	0	0	0	0	0	0	0	0	0	0	0	0	0	0	0	0	0	0	0	0	0	0	0	0	0	0	0	0	0	0	0	0	0	0	0	0	0	0	0	700	0	0	0	8964	2674	0	0	0	0	262	282	24252	3088	0	0	0	0	0	0	0	0	0	0	0	0	0	0	0	0	0	0	0	0	0	0	0	0	0	0	0	0	0	0	0	0	2814	0	0	9668	34160	6122	982	266	20316	624	62708	8534	11850	876	15918	1736	2042	708	258	0	474	754	6300	9990	10902	1314	1684	1264	
426692	Cerebelum_Crus1_R	0	0	0	0	0	0	0	0	0	0	0	0	0	0	0	0	0	0	0	0	0	0	0	0	0	0	0	0	0	0	0	0	0	0	0	0	0	0	0	0	0	0	242	0	0	0	1486	6308	0	0	86	0	268	312	2056	18458	0	0	0	0	0	0	0	0	0	0	0	0	0	0	0	0	0	0	0	0	0	0	0	0	0	0	0	0	0	0	0	0	0	1276	9668	0	4520	38220	186	1320	2208	11958	11982	46714	1588	8288	1388	9314	726	1038	0	78	300	696	6596	12532	10578	1522	1084	350	
317212	Cerebelum_Crus2_L	0	0	0	0	0	0	0	0	0	0	0	0	0	0	0	0	0	0	0	0	0	0	0	0	0	0	0	0	0	0	0	0	0	0	0	0	0	0	0	0	0	0	0	0	0	0	154	634	0	0	0	0	0	0	1066	720	0	0	0	0	0	0	0	0	0	0	0	0	0	0	0	0	0	0	0	0	0	0	0	0	0	0	0	0	0	0	0	0	236	0	34160	4520	0	14182	182	0	670	0	8758	2416	31342	5406	25922	2232	2280	486	312	0	0	124	142	2772	15512	2908	1008	462	
347844	Cerebelum_Crus2_R	0	0	0	0	0	0	0	0	0	0	0	0	0	0	0	0	0	0	0	0	0	0	0	0	0	0	0	0	0	0	0	0	0	0	0	0	0	0	0	0	0	0	0	0	0	0	82	350	0	0	0	0	0	0	136	900	0	0	0	0	0	0	0	0	0	0	0	0	0	0	0	0	0	0	0	0	0	0	0	0	0	0	0	0	0	0	0	0	0	110	6122	38220	14182	0	0	232	236	936	2900	10908	11454	25592	8880	21812	446	1216	0	202	244	304	206	3234	18520	4720	1338	440	
73344	Cerebelum_3_L	0	0	0	0	0	0	0	0	0	0	0	0	0	0	0	0	0	0	0	0	0	0	0	0	0	0	0	0	0	0	0	0	0	0	0	0	0	0	0	0	0	0	0	0	0	0	148	134	0	0	0	0	0	0	348	138	0	0	0	0	0	0	0	0	0	0	0	0	0	0	0	0	0	0	0	0	0	0	0	0	0	0	0	0	0	0	0	0	0	0	982	186	182	0	0	604	7922	500	5048	840	0	0	0	0	2836	1348	0	0	1158	3254	3446	3040	0	1820	1916	822	
73100	Cerebelum_3_R	0	0	0	0	0	0	0	0	0	0	0	0	0	0	0	0	0	0	0	0	0	0	0	0	0	0	0	0	0	0	0	0	0	0	0	0	128	0	232	0	0	0	0	0	0	0	78	196	0	0	0	0	0	0	0	962	0	0	0	0	0	0	0	0	0	0	0	0	0	0	0	0	0	0	0	0	0	0	0	0	0	0	0	0	0	0	0	0	0	0	266	1320	0	232	604	0	1712	6086	1198	4842	0	0	0	254	944	1738	0	116	1368	5068	3146	2052	446	1168	1604	790	
335796	Cerebelum_4_5_L	0	0	0	0	0	0	0	0	0	0	0	0	0	0	0	0	0	0	0	0	0	0	0	0	0	0	0	0	0	0	0	0	0	0	0	0	0	0	318	0	0	0	1046	0	0	0	11426	2154	0	0	0	0	226	220	14530	1008	0	0	0	0	0	0	0	0	0	0	0	0	0	0	0	0	0	0	0	0	0	0	0	0	0	0	0	0	0	0	0	0	0	0	20316	2208	670	236	7922	1712	0	2630	43150	4458	174	0	562	0	5502	2616	92	0	1752	4340	20806	9324	346	2262	3090	2802	
208048	Cerebelum_4_5_R	0	0	0	136	0	0	0	0	0	0	0	0	0	0	0	0	0	0	0	0	0	0	0	0	0	0	0	0	0	0	0	0	0	0	128	312	134	1162	0	1356	0	0	458	100	0	0	542	7806	0	0	0	0	0	426	174	12252	0	0	0	0	0	0	0	0	0	0	0	340	0	0	0	0	0	262	0	0	0	138	0	0	0	0	0	0	0	0	0	0	0	0	624	11958	0	936	500	6086	2630	0	2322	28278	0	206	0	508	828	596	0	76	554	2214	14096	3474	864	698	756	94	
608056	Cerebelum_6_L	0	0	0	0	0	0	0	0	0	0	0	0	0	0	0	0	0	0	0	0	0	0	0	0	0	0	0	0	0	0	0	0	0	0	0	0	0	0	160	0	0	0	1106	0	0	0	17660	6134	0	0	278	0	1694	770	33874	6144	0	0	0	0	0	0	0	0	0	0	0	0	0	0	0	0	0	0	0	0	0	0	0	0	0	0	0	0	0	0	0	0	728	0	62708	11982	8758	2900	5048	1198	43150	2322	0	17176	3382	220	4864	572	6090	2634	176	138	1290	2706	17340	24748	6814	3052	3802	2410	
454096	Cerebelum_6_R	0	0	0	0	0	0	0	0	0	0	0	0	0	0	0	0	0	0	0	0	0	0	0	0	0	0	0	0	0	0	0	0	0	0	0	0	0	0	0	0	0	0	474	0	0	0	2988	11670	0	0	94	0	552	1416	3314	26472	0	0	0	0	0	0	0	0	0	0	0	0	0	0	0	0	0	0	0	0	0	0	0	0	0	0	0	0	0	0	0	0	0	132	8534	46714	2416	10908	840	4842	4458	28278	17176	0	112	2606	94	2306	2094	1180	0	254	696	1894	14212	20220	6902	1762	1228	210	
231388	Cerebelum_7b_L	0	0	0	0	0	0	0	0	0	0	0	0	0	0	0	0	0	0	0	0	0	0	0	0	0	0	0	0	0	0	0	0	0	0	0	0	0	0	0	0	0	0	0	0	0	0	0	0	0	0	0	0	0	0	350	0	0	0	0	0	0	0	0	0	0	0	0	0	0	0	0	0	0	0	0	0	0	0	0	0	0	0	0	0	0	0	0	0	98	0	11850	1588	31342	11454	0	0	174	0	3382	112	0	5020	30674	2762	2392	0	406	0	0	0	0	0	10176	3800	114	0	
155252	Cerebelum_7b_R	0	0	0	0	0	0	0	0	0	0	0	0	0	0	0	0	0	0	0	0	0	0	0	0	0	0	0	0	0	0	0	0	0	0	0	0	0	0	0	0	0	0	0	0	0	0	0	0	0	0	0	0	0	0	0	114	0	0	0	0	0	0	0	0	0	0	0	0	0	0	0	0	0	0	0	0	0	0	0	0	0	0	0	0	0	0	0	0	0	0	876	8288	5406	25592	0	0	0	206	220	2606	5020	0	3400	17080	126	356	0	0	0	0	0	138	5454	2432	312	0	
261592	Cerebelum_8_L	0	0	0	0	0	0	0	0	0	0	0	0	0	0	0	0	0	0	0	0	0	0	0	0	0	0	0	0	0	0	0	0	0	0	0	0	0	0	0	0	0	0	0	0	0	0	0	0	0	0	0	0	0	0	696	0	0	0	0	0	0	0	0	0	0	0	0	0	0	0	0	0	0	0	0	0	0	0	0	0	0	0	0	0	0	0	0	0	150	0	15918	1388	25922	8880	0	0	562	0	4864	94	30674	3400	0	5154	13306	924	1150	0	0	86	184	236	8524	6542	1820	322	
185012	Cerebelum_8_R	0	0	0	0	0	0	0	0	0	0	0	0	0	0	0	0	0	0	0	0	0	0	0	0	0	0	0	0	0	0	0	0	0	0	0	0	0	0	0	0	0	0	0	0	0	0	0	0	0	0	0	0	0	0	0	152	0	0	0	0	0	0	0	0	0	0	0	0	0	0	0	0	0	0	0	0	0	0	0	0	0	0	0	0	0	0	0	0	0	0	1736	9314	2232	21812	0	254	0	508	572	2306	2762	17080	5154	0	876	10772	0	858	430	460	80	558	6538	5288	2386	378	
139580	Cerebelum_9_L	0	0	0	0	0	0	0	0	0	0	0	0	0	0	0	0	0	0	0	0	0	0	0	0	0	0	0	0	0	0	0	0	0	0	0	0	0	0	0	0	0	0	0	0	0	0	0	290	0	0	0	0	0	80	0	328	0	0	0	0	0	0	0	0	0	0	0	0	0	0	0	0	0	0	0	0	0	0	0	0	0	0	0	0	0	0	0	0	0	0	2042	726	2280	446	2836	944	5502	828	6090	2094	2392	126	13306	876	0	3108	2368	124	618	1846	3512	5798	892	4076	4742	1520	
122704	Cerebelum_9_R	0	0	0	0	0	0	0	0	0	0	0	0	0	0	0	0	0	0	0	0	0	0	0	0	0	0	0	0	0	0	0	0	0	0	0	0	0	0	0	0	0	0	0	0	0	0	0	0	0	0	0	0	0	0	0	0	0	0	0	0	0	0	0	0	0	0	0	0	0	0	0	0	0	0	0	0	0	0	0	0	0	0	0	0	0	0	0	0	0	0	708	1038	486	1216	1348	1738	2616	596	2634	1180	0	356	924	10772	3108	0	0	1790	1374	2674	2768	5338	2578	5624	7334	3152	
9524	Cerebelum_10_L	0	0	0	0	0	0	0	0	0	0	0	0	0	0	0	0	0	0	0	0	0	0	0	0	0	0	0	0	0	0	0	0	0	0	0	0	0	0	0	0	0	0	0	0	0	0	0	0	0	0	0	0	0	0	0	0	0	0	0	0	0	0	0	0	0	0	0	0	0	0	0	0	0	0	0	0	0	0	0	0	0	0	0	0	0	0	0	0	0	0	258	0	312	0	0	0	92	0	176	0	406	0	1150	0	2368	0	0	0	0	0	0	0	0	0	0	0	
9508	Cerebelum_10_R	0	0	0	0	0	0	0	0	0	0	0	0	0	0	0	0	0	0	0	0	0	0	0	0	0	0	0	0	0	0	0	0	0	0	0	0	0	0	0	0	0	0	0	0	0	0	0	0	0	0	0	0	0	0	0	0	0	0	0	0	0	0	0	0	0	0	0	0	0	0	0	0	0	0	0	0	0	0	0	0	0	0	0	0	0	0	0	0	0	0	0	78	0	202	0	116	0	76	138	254	0	0	0	858	124	1790	0	0	128	188	0	228	198	248	128	0	
51836	Vermis_1_2	0	0	0	0	0	0	0	0	0	0	0	0	0	0	0	0	0	0	0	0	0	0	0	0	0	0	0	0	0	0	0	0	0	0	0	0	234	0	394	0	0	0	0	0	0	0	0	104	0	0	0	0	0	0	0	112	0	0	0	0	0	0	0	0	0	0	0	0	0	0	0	0	0	0	0	0	0	0	0	0	0	0	0	0	0	0	0	0	0	0	474	300	0	244	1158	1368	1752	554	1290	696	0	0	0	430	618	1374	0	128	0	6882	2566	1422	504	964	1226	1124	
101932	Vermis_3	0	0	0	0	0	0	0	0	0	0	0	0	0	0	0	0	0	0	0	0	0	0	0	0	0	0	0	0	0	0	0	0	0	0	0	0	336	0	652	0	0	0	0	0	0	0	82	280	0	0	0	0	0	0	0	288	0	0	0	0	0	0	0	0	0	0	0	0	0	0	0	0	0	0	0	0	0	0	0	0	0	0	0	0	0	0	0	0	0	0	754	696	124	304	3254	5068	4340	2214	2706	1894	0	0	86	460	1846	2674	0	188	6882	0	5680	3254	656	1870	2516	1862	
289552	Vermis_4_5	0	0	0	0	0	0	0	0	0	0	0	0	0	0	0	0	0	0	0	0	0	0	0	0	0	0	0	0	0	0	0	0	0	0	0	274	0	260	0	0	0	0	844	114	0	0	4138	8360	0	0	0	0	84	790	3572	6094	0	0	0	0	0	0	0	0	0	0	0	372	0	0	0	0	0	0	0	0	0	0	0	0	0	0	0	0	0	0	0	0	0	0	6300	6596	142	206	3446	3146	20806	14096	17340	14212	0	0	184	80	3512	2768	0	0	2566	5680	0	10798	328	1670	2830	3168	
332984	Vermis_6	0	0	0	0	0	0	0	0	0	0	0	0	0	0	0	0	0	0	0	0	0	0	0	0	0	0	0	0	0	0	0	0	0	0	0	0	0	0	0	0	0	0	88	0	0	0	4396	7594	0	0	94	0	830	980	4912	7250	0	0	0	0	0	0	0	0	0	0	0	0	0	0	0	0	0	0	0	0	0	0	0	0	0	0	0	0	0	0	0	0	0	0	9990	12532	2772	3234	3040	2052	9324	3474	24748	20220	0	138	236	558	5798	5338	0	228	1422	3254	10798	0	6208	4758	6092	4134	
251012	Vermis_7	0	0	0	0	0	0	0	0	0	0	0	0	0	0	0	0	0	0	0	0	0	0	0	0	0	0	0	0	0	0	0	0	0	0	0	0	0	0	0	0	0	0	0	0	0	0	328	196	0	0	0	0	0	0	492	622	0	0	0	0	0	0	0	0	0	0	0	0	0	0	0	0	0	0	0	0	0	0	0	0	0	0	0	0	0	0	0	0	0	0	10902	10578	15512	18520	0	446	346	864	6814	6902	10176	5454	8524	6538	892	2578	0	198	504	656	328	6208	0	6398	3326	1204	
147812	Vermis_8	0	0	0	0	0	0	0	0	0	0	0	0	0	0	0	0	0	0	0	0	0	0	0	0	0	0	0	0	0	0	0	0	0	0	0	0	0	0	0	0	0	0	0	0	0	0	0	0	0	0	0	0	0	0	0	106	0	0	0	0	0	0	0	0	0	0	0	0	0	0	0	0	0	0	0	0	0	0	0	0	0	0	0	0	0	0	0	0	0	0	1314	1522	2908	4720	1820	1168	2262	698	3052	1762	3800	2432	6542	5288	4076	5624	0	248	964	1870	1670	4758	6398	0	7362	1542	
121988	Vermis_9	0	0	0	0	0	0	0	0	0	0	0	0	0	0	0	0	0	0	0	0	0	0	0	0	0	0	0	0	0	0	0	0	0	0	0	0	0	0	0	0	0	0	0	0	0	0	0	0	0	0	0	0	0	0	0	82	0	0	0	0	0	0	0	0	0	0	0	0	0	0	0	0	0	0	0	0	0	0	0	0	0	0	0	0	0	0	0	0	0	0	1684	1084	1008	1338	1916	1604	3090	756	3802	1228	114	312	1820	2386	4742	7334	0	128	1226	2516	2830	6092	3326	7362	0	3214	
62528	Vermis_10	0	0	0	0	0	0	0	0	0	0	0	0	0	0	0	0	0	0	0	0	0	0	0	0	0	0	0	0	0	0	0	0	0	0	0	0	0	0	0	0	0	0	0	0	0	0	0	0	0	0	0	0	0	0	0	0	0	0	0	0	0	0	0	0	0	0	0	0	0	0	0	0	0	0	0	0	0	0	0	0	0	0	0	0	0	0	0	0	0	0	1264	350	462	440	822	790	2802	94	2410	210	0	0	322	378	1520	3152	0	0	1124	1862	3168	4134	1204	1542	3214	0	
