data	data	463420	275952	1.41146e+06	1.02354e+06	189172	204576	775712	271680	102316	29928	251524	266236	322660	224544	191768	96132	251988	97436	653576	884520	106132	145072	648868	551644	56724	126176	47660	98880	831012	275676	500916	658188	203288	586660	193788	215628	272540	300572	125368	142108	45664	66232	253264	308612	194100	247844	272436	232812	182284	326204	454888	351220	141368	69332	376556	378712	262208	179368	127752	107844	220932	123444	92248	134052	145332	122804	288596	389016	121072	114632	473468	625920	589680	569920	111500	163656	148740	234916	176012	39984	190048	100848	112496	50172	287908	202476	42748	28860	287996	189860	384312	357184	270748	274596	20048	44436	242244	210396	375992	395216	227704	131088	267580	265700	96848	147368	30216	35004	14552	48468	193800	141600	176308	89168	67852	10492	
data	data	Precentral_L	Precentral_R	Frontal_Sup_L	Frontal_Sup_R	Frontal_Sup_Orb_L	Frontal_Sup_Orb_R	Frontal_Mid_L	Frontal_Mid_R	Frontal_Mid_Orb_L	Frontal_Mid_Orb_R	Frontal_Inf_Oper_L	Frontal_Inf_Oper_R	Frontal_Inf_Tri_L	Frontal_Inf_Tri_R	Frontal_Inf_Orb_L	Frontal_Inf_Orb_R	Rolandic_Oper_L	Rolandic_Oper_R	Supp_Motor_Area_L	Supp_Motor_Area_R	Olfactory_L	Olfactory_R	Frontal_Sup_Medial_L	Frontal_Sup_Medial_R	Frontal_Med_Orb_L	Frontal_Med_Orb_R	Rectus_L	Rectus_R	Insula_L	Insula_R	Cingulum_Ant_L	Cingulum_Ant_R	Cingulum_Mid_L	Cingulum_Mid_R	Cingulum_Post_L	Cingulum_Post_R	Hippocampus_L	Hippocampus_R	ParaHippocampal_L	ParaHippocampal_R	Amygdala_L	Amygdala_R	Calcarine_L	Calcarine_R	Cuneus_L	Cuneus_R	Lingual_L	Lingual_R	Occipital_Sup_L	Occipital_Sup_R	Occipital_Mid_L	Occipital_Mid_R	Occipital_Inf_L	Occipital_Inf_R	Fusiform_L	Fusiform_R	Postcentral_L	Postcentral_R	Parietal_Sup_L	Parietal_Sup_R	Parietal_Inf_L	Parietal_Inf_R	SupraMarginal_L	SupraMarginal_R	Angular_L	Angular_R	Precuneus_L	Precuneus_R	Paracentral_Lobule_L	Paracentral_Lobule_R	Caudate_L	Caudate_R	Putamen_L	Putamen_R	Pallidum_L	Pallidum_R	Thalamus_L	Thalamus_R	Heschl_L	Heschl_R	Temporal_Sup_L	Temporal_Sup_R	Temporal_Pole_Sup_L	Temporal_Pole_Sup_R	Temporal_Mid_L	Temporal_Mid_R	Temporal_Pole_Mid_L	Temporal_Pole_Mid_R	Temporal_Inf_L	Temporal_Inf_R	Cerebelum_Crus1_L	Cerebelum_Crus1_R	Cerebelum_Crus2_L	Cerebelum_Crus2_R	Cerebelum_3_L	Cerebelum_3_R	Cerebelum_4_5_L	Cerebelum_4_5_R	Cerebelum_6_L	Cerebelum_6_R	Cerebelum_7b_L	Cerebelum_7b_R	Cerebelum_8_L	Cerebelum_8_R	Cerebelum_9_L	Cerebelum_9_R	Cerebelum_10_L	Cerebelum_10_R	Vermis_1_2	Vermis_3	Vermis_4_5	Vermis_6	Vermis_7	Vermis_8	Vermis_9	Vermis_10	
463420	Precentral_L	0	8126	17728	5066	0	0	32788	530	0	0	16186	706	4830	414	0	0	9664	150	3184	7036	0	0	2074	168	0	0	0	0	16050	192	968	504	0	2088	8482	3398	1368	660	512	0	0	0	166	104	528	0	0	0	516	0	2320	0	586	0	306	0	28266	402	346	0	4224	114	1258	122	372	0	1486	564	9488	272	4508	3320	5714	1952	1192	738	2772	2666	6876	0	1922	0	712	0	2988	0	0	0	2038	0	0	0	0	0	0	0	0	0	0	0	0	0	0	0	0	0	0	0	0	0	0	0	0	0	0	0	
275952	Precentral_R	8126	0	3626	11394	0	0	1798	7088	0	0	146	22582	0	834	0	0	176	802	2338	9664	0	0	182	0	0	0	0	0	784	1996	134	256	154	1790	3566	4958	772	1568	394	104	0	0	0	330	0	282	0	0	0	432	0	996	0	0	184	702	2212	13600	0	396	384	2798	0	2714	0	246	0	3302	3088	2794	1886	3338	972	962	378	670	2218	3592	170	950	114	680	0	0	100	1496	0	0	160	598	0	0	0	0	0	0	0	0	0	0	0	0	0	0	0	0	0	0	0	0	0	0	0	0	0	0	
1.41146e+06	Frontal_Sup_L	17728	3626	0	34308	16308	940	96438	2534	4240	0	14778	3928	30642	3528	10752	172	7516	644	73206	37994	276	246	71432	22018	1812	994	1420	0	50370	2074	31850	15076	8302	19002	1108	606	2996	4962	782	184	0	0	0	0	0	0	0	0	0	0	134	0	0	0	928	380	2478	1060	0	0	488	498	360	160	0	0	416	218	754	0	18564	9258	33722	8104	8556	2892	9674	2036	3808	158	2308	240	1340	0	266	188	0	0	1188	374	202	0	0	0	0	0	0	0	188	0	0	0	0	0	0	0	0	0	0	0	0	0	0	0	0	0	
1.02354e+06	Frontal_Sup_R	5066	11394	34308	0	208	12354	9804	39284	0	858	718	10504	644	11988	174	7292	396	1700	28056	71204	0	238	22736	51176	512	3846	0	1782	2964	9782	12916	38316	4270	26390	2556	2436	1800	3114	140	586	0	0	0	0	0	0	0	0	0	0	0	0	0	0	118	876	868	898	0	0	122	116	0	110	0	0	0	304	1536	0	7838	25758	4626	20946	640	4342	2438	7100	530	0	256	0	0	0	100	0	0	0	98	638	0	0	0	0	0	0	0	0	0	0	0	0	0	0	0	0	0	0	0	0	0	0	0	0	0	0	
189172	Frontal_Sup_Orb_L	0	0	16308	208	0	0	2746	0	14126	0	112	868	3546	862	10140	0	160	0	932	306	1438	464	2404	164	4024	712	6498	196	10532	180	2630	346	0	0	0	0	0	294	0	0	0	0	0	0	0	0	0	0	0	0	0	0	0	0	0	0	0	0	0	0	0	0	0	0	0	0	0	0	0	0	3196	800	9106	344	128	0	0	98	124	0	0	0	594	0	0	0	0	0	0	0	0	0	0	0	0	0	0	0	0	0	0	0	0	0	0	0	0	0	0	0	0	0	0	0	0	0	
204576	Frontal_Sup_Orb_R	0	0	940	12354	0	0	0	1636	0	4264	138	102	0	1664	98	6296	0	0	518	2162	1164	2748	1032	10270	220	9474	140	8962	616	2914	2006	8594	0	182	0	0	0	120	0	0	0	108	0	0	0	0	0	0	0	0	0	0	0	0	0	0	0	0	0	0	0	0	0	0	0	0	0	0	0	0	1510	9456	1214	9714	142	1530	0	0	0	0	0	0	0	0	0	0	0	0	0	0	0	0	0	0	0	0	0	0	0	0	0	0	0	0	0	0	0	0	0	0	0	0	0	0	0	0	
775712	Frontal_Mid_L	32788	1798	96438	9804	2746	0	0	1198	2440	0	18390	1074	38820	690	7856	0	7486	304	11396	6746	0	0	25520	5790	0	0	0	0	34458	362	5404	3426	1270	3940	832	332	2650	1118	812	0	0	0	0	0	0	0	0	0	0	0	170	0	0	0	474	0	4984	154	0	0	620	0	536	104	0	0	392	0	0	0	9174	5796	16436	4622	3116	1700	3738	1244	5874	0	1312	0	458	0	186	0	0	0	532	0	176	0	0	0	0	0	0	0	170	0	0	0	0	0	0	0	0	0	0	0	0	0	0	0	0	0	
271680	Frontal_Mid_R	530	7088	2534	39284	0	1636	1198	0	0	542	116	11020	0	19830	0	3860	392	126	2228	5702	0	0	2092	4688	0	0	0	0	862	2118	1718	8744	350	6134	110	290	162	740	0	0	0	0	0	0	0	0	0	0	0	0	0	0	0	0	0	0	364	960	0	0	220	126	0	136	0	0	0	168	0	0	2846	2130	1438	2286	0	164	148	432	198	0	130	0	0	0	0	0	0	0	0	0	0	0	0	0	0	0	0	0	0	0	0	0	0	0	0	0	0	0	0	0	0	0	0	0	0	0	
102316	Frontal_Mid_Orb_L	0	0	4240	0	14126	0	2440	0	0	0	0	302	1580	260	12866	0	0	0	136	0	836	176	490	0	1692	330	1420	0	4046	0	810	150	0	0	0	0	0	0	0	0	0	0	0	0	0	0	0	0	0	0	0	0	0	0	0	0	0	0	0	0	0	0	0	0	0	0	0	0	0	0	910	276	2354	140	0	0	0	0	0	0	0	0	1578	0	0	0	0	0	0	0	0	0	0	0	0	0	0	0	0	0	0	0	0	0	0	0	0	0	0	0	0	0	0	0	0	0	
29928	Frontal_Mid_Orb_R	0	0	0	858	0	4264	0	542	0	0	0	0	0	0	0	5308	0	0	0	130	0	0	0	330	0	194	0	184	0	1014	0	0	0	0	0	0	0	150	0	0	0	0	0	0	0	0	0	0	0	0	0	0	0	0	0	104	0	0	0	0	0	0	0	0	0	0	0	0	0	0	0	362	0	1366	0	158	0	0	0	0	0	0	0	0	0	0	0	0	0	0	0	0	0	0	0	0	0	0	0	0	0	0	0	0	0	0	0	0	0	0	0	0	0	0	0	0	
251524	Frontal_Inf_Oper_L	16186	146	14778	718	112	138	18390	116	0	0	0	806	14832	1316	688	0	9268	0	5484	886	0	0	3152	360	0	0	0	0	15850	178	1768	1454	106	262	114	0	138	136	0	0	0	0	0	0	0	0	0	0	0	0	0	0	0	0	0	0	4434	0	0	0	0	0	360	0	0	0	108	0	0	0	3290	1384	2322	592	0	0	0	0	2250	0	1136	0	2372	0	132	0	0	0	0	0	0	0	0	0	0	0	0	0	0	0	0	0	0	0	0	0	0	0	0	0	0	0	0	0	0	0	
266236	Frontal_Inf_Oper_R	706	22582	3928	10504	868	102	1074	11020	302	0	806	0	0	15184	0	148	440	2664	1880	5768	0	0	848	1038	0	0	0	0	1588	10390	660	4676	0	1850	362	432	618	1708	324	206	0	0	0	146	0	126	0	0	0	218	0	220	0	0	120	556	512	5732	0	334	0	2716	0	2416	0	240	0	294	0	0	3208	2972	566	3164	224	660	1080	2624	200	474	140	414	0	148	0	434	0	0	0	504	0	0	0	0	0	0	0	0	0	0	0	0	0	0	0	0	0	0	0	0	0	0	0	0	0	0	
322660	Frontal_Inf_Tri_L	4830	0	30642	644	3546	0	38820	0	1580	0	14832	0	0	0	12290	0	992	0	3812	476	0	0	7526	800	102	0	0	0	32114	0	2946	516	0	164	0	0	0	278	0	0	0	0	0	0	0	0	0	0	0	0	0	0	0	0	0	0	0	0	0	0	0	0	0	0	0	0	0	0	0	0	414	138	1780	132	0	0	0	0	164	0	238	0	1554	0	0	0	0	0	0	0	0	0	0	0	0	0	0	0	0	0	0	0	0	0	0	0	0	0	0	0	0	0	0	0	0	0	
224544	Frontal_Inf_Tri_R	414	834	3528	11988	862	1664	690	19830	260	0	1316	15184	0	0	0	3672	1180	262	2568	4444	0	0	1912	3890	0	0	0	0	2212	7616	2152	11356	216	4536	0	0	0	180	0	0	0	0	0	0	0	0	0	0	0	0	0	0	0	0	0	0	0	98	0	0	0	0	0	0	0	0	0	0	0	0	3330	2520	0	2304	0	430	0	230	488	0	0	0	106	0	0	0	0	0	0	0	0	0	0	0	0	0	0	0	0	0	0	0	0	0	0	0	0	0	0	0	0	0	0	0	0	0	
191768	Frontal_Inf_Orb_L	0	0	10752	174	10140	98	7856	0	12866	0	688	0	12290	0	0	0	162	0	524	124	2562	536	2330	258	112	0	776	106	19570	0	1362	334	0	0	0	0	0	0	0	0	130	0	0	0	0	0	0	0	0	0	0	0	0	0	0	0	0	0	0	0	0	0	0	0	0	0	0	0	0	0	1198	464	5456	360	0	0	0	0	0	0	98	0	4558	0	0	0	0	0	0	0	0	0	0	0	0	0	0	0	0	0	0	0	0	0	0	0	0	0	0	0	0	0	0	0	0	0	
96132	Frontal_Inf_Orb_R	0	0	172	7292	0	6296	0	3860	0	5308	0	148	0	3672	0	0	0	0	526	558	256	1954	102	2418	0	236	0	2192	0	5240	282	1104	0	596	0	0	0	146	0	166	0	332	0	0	0	0	0	0	0	0	0	0	0	0	0	0	0	0	0	0	0	0	0	0	0	0	0	0	0	0	290	1890	256	2040	0	160	0	0	0	0	0	0	0	574	0	0	0	0	0	0	0	0	0	0	0	0	0	0	0	0	0	0	0	0	0	0	0	0	0	0	0	0	0	0	0	0	
251988	Rolandic_Oper_L	9664	176	7516	396	160	0	7486	392	0	0	9268	440	992	1180	162	0	0	0	2540	854	0	0	836	0	0	0	0	0	27184	0	372	308	136	122	604	0	1424	770	162	0	0	0	0	0	142	0	0	0	112	0	3438	0	852	0	452	0	8820	0	646	0	1336	0	2220	0	0	0	830	0	312	0	1346	302	2186	254	272	0	548	264	14008	0	8856	0	2518	0	1870	0	0	0	950	0	160	0	0	0	0	0	0	0	156	0	0	0	0	0	0	0	0	0	0	0	0	0	0	0	0	0	
97436	Rolandic_Oper_R	150	802	644	1700	0	0	304	126	0	0	0	2664	0	262	0	0	0	0	278	1480	0	0	0	0	0	0	0	0	0	10596	0	0	0	0	114	170	130	1100	100	0	0	0	0	0	0	0	0	0	0	338	0	0	0	0	0	590	0	2872	0	0	0	254	0	2886	0	98	0	216	0	0	440	1558	298	2876	0	284	98	1786	0	3304	0	6346	0	2460	0	866	0	0	0	528	0	0	0	0	0	0	0	0	0	0	0	0	0	0	0	0	0	0	0	0	0	0	0	0	0	0	
653576	Supp_Motor_Area_L	3184	2338	73206	28056	932	518	11396	2228	136	0	5484	1880	3812	2568	524	526	2540	278	0	50616	0	0	21614	12436	0	0	114	0	9140	1492	11472	12588	10572	29294	1474	1626	0	1118	0	0	0	0	0	0	0	0	0	0	0	132	0	370	0	0	0	306	344	902	0	0	0	424	0	0	0	0	382	1072	5662	1086	1922	996	3132	1826	332	340	988	730	1046	150	430	238	312	0	0	204	0	0	0	300	0	0	0	0	0	0	0	0	0	0	0	0	0	0	0	0	0	0	0	0	0	0	0	0	0	0	
884520	Supp_Motor_Area_R	7036	9664	37994	71204	306	2162	6746	5702	0	130	886	5768	476	4444	124	558	854	1480	50616	0	98	194	7130	11372	0	936	0	818	3528	6030	5482	19040	6630	47118	3096	9208	618	2682	0	658	0	0	0	222	0	372	0	0	0	594	0	1546	0	0	122	1036	964	2480	0	0	0	332	0	316	0	122	476	5608	9356	10870	7204	26914	3774	15658	768	3632	2368	12892	536	278	284	248	0	0	106	1328	0	0	192	874	0	0	0	0	0	0	0	0	0	0	0	0	0	0	0	0	0	0	0	0	0	0	0	0	0	0	
106132	Olfactory_L	0	0	276	0	1438	1164	0	0	836	0	0	0	0	0	2562	256	0	0	0	98	0	6674	0	0	316	254	1114	1532	4352	0	3186	2412	0	0	0	0	172	0	182	0	284	0	0	0	0	0	0	0	0	0	0	0	0	0	146	0	0	0	0	0	0	0	0	0	0	0	0	0	0	0	8944	5174	7314	2552	704	350	332	0	0	0	0	0	442	0	0	0	0	0	0	0	0	0	0	0	0	0	0	0	0	0	0	0	0	0	0	0	0	0	0	0	0	0	0	0	0	0	
145072	Olfactory_R	0	0	246	238	464	2748	0	0	176	0	0	0	0	0	536	1954	0	0	0	194	6674	0	0	358	0	2050	0	4706	1856	2830	2826	4556	0	0	0	0	0	334	0	334	0	1344	0	0	0	0	0	0	0	0	0	0	0	0	0	154	0	0	0	0	0	0	0	0	0	0	0	0	0	0	9768	10472	8438	5118	1946	1752	130	124	0	0	0	0	110	100	0	0	0	0	0	0	0	0	0	0	0	0	0	0	0	0	0	0	0	0	0	0	0	0	0	0	0	0	0	0	0	0	
648868	Frontal_Sup_Medial_L	2074	182	71432	22736	2404	1032	25520	2092	490	0	3152	848	7526	1912	2330	102	836	0	21614	7130	0	0	0	37022	3740	2176	350	0	8652	562	35924	24788	8096	18674	0	0	0	0	0	0	0	0	0	0	0	0	0	0	0	0	0	0	0	0	0	0	180	0	0	0	114	0	102	0	0	0	0	0	0	0	1810	2820	3466	1512	124	126	0	0	584	0	0	0	200	0	0	0	0	0	0	0	0	0	0	0	0	0	0	0	0	0	0	0	0	0	0	0	0	0	0	0	0	0	0	0	0	0	
551644	Frontal_Sup_Medial_R	168	0	22018	51176	164	10270	5790	4688	0	330	360	1038	800	3890	258	2418	0	0	12436	11372	0	358	37022	0	956	7556	0	2488	1336	1774	16870	36276	4230	19686	0	0	0	0	0	0	0	0	0	0	0	0	0	0	0	0	0	0	0	0	0	0	0	0	0	0	0	0	0	0	0	0	0	0	0	0	692	8406	600	9182	0	1214	0	0	0	0	0	0	0	0	0	0	0	0	0	0	0	0	0	0	0	0	0	0	0	0	0	0	0	0	0	0	0	0	0	0	0	0	0	0	0	0	
56724	Frontal_Med_Orb_L	0	0	1812	512	4024	220	0	0	1692	0	0	0	102	0	112	0	0	0	0	0	316	0	3740	956	0	2636	2352	174	262	0	6868	756	0	0	0	0	0	0	0	0	0	0	0	0	0	0	0	0	0	0	0	0	0	0	0	0	0	0	0	0	0	0	0	0	0	0	0	0	0	0	444	104	1280	0	0	0	0	0	0	0	0	0	0	0	0	0	0	0	0	0	0	0	0	0	0	0	0	0	0	0	0	0	0	0	0	0	0	0	0	0	0	0	0	0	0	0	
126176	Frontal_Med_Orb_R	0	0	994	3846	712	9474	0	0	330	194	0	0	0	0	0	236	0	0	0	936	254	2050	2176	7556	2636	0	304	6250	306	118	3644	6336	0	0	0	0	0	0	0	0	0	0	0	0	0	0	0	0	0	0	0	0	0	0	0	0	0	0	0	0	0	0	0	0	0	0	0	0	0	0	310	6630	256	6398	0	1142	0	0	0	0	0	0	0	0	0	0	0	0	0	0	0	0	0	0	0	0	0	0	0	0	0	0	0	0	0	0	0	0	0	0	0	0	0	0	0	0	
47660	Rectus_L	0	0	1420	0	6498	140	0	0	1420	0	0	0	0	0	776	0	0	0	114	0	1114	0	350	0	2352	304	0	330	906	0	2824	0	0	0	0	0	0	0	0	0	0	0	0	0	0	0	0	0	0	0	0	0	0	0	0	0	0	0	0	0	0	0	0	0	0	0	0	0	0	0	1142	0	4140	0	0	0	0	0	0	0	0	0	0	0	0	0	0	0	0	0	0	0	0	0	0	0	0	0	0	0	0	0	0	0	0	0	0	0	0	0	0	0	0	0	0	0	
98880	Rectus_R	0	0	0	1782	196	8962	0	0	0	184	0	0	0	0	106	2192	0	0	0	818	1532	4706	0	2488	174	6250	330	0	584	1658	900	2286	0	0	0	0	0	218	0	154	0	352	0	0	0	0	0	0	0	0	0	0	0	0	0	208	0	0	0	0	0	0	0	0	0	0	0	0	0	0	1610	5322	1508	4492	100	328	0	0	0	0	0	0	0	0	0	0	0	0	0	0	0	0	0	0	0	0	0	0	0	0	0	0	0	0	0	0	0	0	0	0	0	0	0	0	0	0	
831012	Insula_L	16050	784	50370	2964	10532	616	34458	862	4046	0	15850	1588	32114	2212	19570	0	27184	0	9140	3528	4352	1856	8652	1336	262	306	906	584	0	450	7776	3064	0	622	4702	640	10116	2362	2314	0	950	0	352	0	436	0	154	0	238	0	2808	0	586	0	4734	0	8104	0	432	0	1390	0	2628	0	222	0	1800	0	136	0	9332	3162	32866	2102	1208	462	2014	1586	20490	0	10848	0	7274	0	7106	0	0	0	9096	0	434	0	0	0	0	0	0	0	388	0	0	0	0	0	0	0	0	0	0	0	0	0	0	0	0	0	
275676	Insula_R	192	1996	2074	9782	180	2914	362	2118	0	1014	178	10390	0	7616	0	5240	0	10596	1492	6030	0	2830	562	1774	0	118	0	1658	450	0	558	4518	0	862	0	296	0	5822	0	2280	0	1478	0	548	0	136	0	0	0	326	0	374	0	0	0	4722	0	916	0	0	0	162	0	280	0	148	0	696	0	148	1098	4626	578	20406	0	1480	0	1456	0	4190	0	3948	0	1494	0	1110	0	0	0	3616	0	0	0	0	0	0	0	0	0	0	0	0	0	0	0	0	0	0	0	0	0	0	0	0	0	0	
500916	Cingulum_Ant_L	968	134	31850	12916	2630	2006	5404	1718	810	0	1768	660	2946	2152	1362	282	372	0	11472	5482	3186	2826	35924	16870	6868	3644	2824	900	7776	558	0	32856	10472	10216	406	0	0	0	0	0	0	0	0	0	0	0	0	0	0	0	0	0	0	0	0	0	0	0	0	0	0	0	0	0	0	0	0	0	0	0	8226	5660	11318	3396	314	704	138	0	242	0	0	0	202	0	0	0	0	0	0	0	0	0	0	0	0	0	0	0	0	0	0	0	0	0	0	0	0	0	0	0	0	0	0	0	0	0	
658188	Cingulum_Ant_R	504	256	15076	38316	346	8594	3426	8744	150	0	1454	4676	516	11356	334	1104	308	0	12588	19040	2412	4556	24788	36276	756	6336	0	2286	3064	4518	32856	0	5508	29100	116	0	0	0	0	0	0	0	0	0	0	0	0	0	0	0	0	0	0	0	0	0	0	0	0	0	0	0	0	0	0	0	0	0	0	0	5164	24322	3094	13970	156	2490	202	100	134	0	0	0	102	0	0	0	0	0	0	0	0	0	0	0	0	0	0	0	0	0	0	0	0	0	0	0	0	0	0	0	0	0	0	0	0	0	
203288	Cingulum_Mid_L	0	154	8302	4270	0	0	1270	350	0	0	106	0	0	216	0	0	136	0	10572	6630	0	0	8096	4230	0	0	0	0	0	0	10472	5508	0	17324	2784	926	0	0	0	0	0	0	322	108	1388	146	0	0	2226	136	2834	374	0	0	0	0	0	0	432	0	638	0	0	0	820	0	5514	1750	2646	320	0	0	0	0	0	0	0	0	0	0	0	0	0	0	354	0	0	0	290	0	0	0	0	0	0	0	0	0	0	0	0	0	0	0	0	0	0	0	0	0	0	0	0	0	0	0	
586660	Cingulum_Mid_R	2088	1790	19002	26390	0	182	3940	6134	0	0	262	1850	164	4536	0	596	122	0	29294	47118	0	0	18674	19686	0	0	0	0	622	862	10216	29100	17324	0	2290	10460	0	0	0	0	0	0	0	1438	0	1122	0	0	314	754	416	1892	0	0	0	188	464	562	0	0	148	0	0	0	172	104	2368	11454	5204	8060	304	3044	134	948	0	146	0	206	110	130	0	142	0	0	0	570	0	0	100	134	0	0	0	0	0	0	0	0	0	0	0	0	0	0	0	0	0	0	0	0	0	0	0	0	0	0	
193788	Cingulum_Post_L	8482	3566	1108	2556	0	0	832	110	0	0	114	362	0	0	0	0	604	114	1474	3096	0	0	0	0	0	0	0	0	4702	0	406	116	2784	2290	0	11382	4356	2604	2620	108	0	0	1746	0	2322	0	490	0	1122	0	2864	0	348	0	796	170	5130	220	124	0	960	0	1132	0	0	0	8872	1346	4706	386	134	0	384	1056	0	320	276	4104	944	0	210	0	0	0	1362	0	0	0	1168	162	126	0	0	0	0	0	0	0	128	0	0	0	0	0	0	0	0	0	0	0	0	0	0	0	0	0	
215628	Cingulum_Post_R	3398	4958	606	2436	0	0	332	290	0	0	0	432	0	0	0	0	0	170	1626	9208	0	0	0	0	0	0	0	0	640	296	0	0	926	10460	11382	0	3178	6118	1392	684	0	0	0	1184	0	746	148	910	170	1052	138	2276	0	0	584	1176	1398	1424	0	0	0	0	0	412	0	0	2316	17870	2476	4854	0	0	490	1246	0	338	202	5318	288	296	0	134	0	0	0	604	0	0	366	662	102	0	0	0	0	0	0	0	102	0	0	0	0	0	0	0	0	0	0	0	0	0	0	0	0	0	
272540	Hippocampus_L	1368	772	2996	1800	0	0	2650	162	0	0	138	618	0	0	0	0	1424	130	0	618	172	0	0	0	0	0	0	0	10116	0	0	0	0	0	4356	3178	0	2156	17794	100	6654	0	1324	0	148	0	4826	0	0	0	1378	0	202	0	19128	0	314	0	0	0	0	0	0	0	0	0	2216	258	0	0	914	134	10554	928	664	366	4604	4766	1956	0	2636	0	1234	0	2664	0	758	0	14586	0	1176	0	0	0	0	0	166	0	1168	0	0	0	0	0	0	0	0	0	0	0	0	0	0	0	0	0	
300572	Hippocampus_R	660	1568	4962	3114	294	120	1118	740	0	150	136	1708	278	180	0	146	770	1100	1118	2682	0	334	0	0	0	0	0	218	2362	5822	0	0	0	0	2604	6118	2156	0	1168	21704	0	8508	0	1104	0	0	168	4076	0	0	0	0	0	0	528	25614	0	218	0	0	0	0	0	0	0	0	458	4958	0	0	896	1092	2010	15460	0	2302	0	6858	436	150	344	720	130	694	0	364	0	0	408	9060	0	110	0	0	0	134	0	0	0	156	0	0	0	0	0	0	0	0	0	0	0	0	0	0	0	0	
125368	ParaHippocampal_L	512	394	782	140	0	0	812	0	0	0	0	324	0	0	0	0	162	100	0	0	182	0	0	0	0	0	0	0	2314	0	0	0	0	0	2620	1392	17794	1168	0	0	1908	0	1062	0	0	0	4518	270	0	0	306	0	0	0	7532	0	0	0	0	0	0	0	0	0	0	0	1974	0	0	0	272	0	3762	546	122	128	2192	1896	0	0	118	0	1484	0	160	0	1396	0	2452	0	366	0	0	0	108	0	1042	0	374	0	0	0	0	0	0	0	0	0	0	0	0	0	0	0	0	0	
142108	ParaHippocampal_R	0	104	184	586	0	0	0	0	0	0	0	206	0	0	0	166	0	0	0	658	0	334	0	0	0	0	0	154	0	2280	0	0	0	0	108	684	100	21704	0	0	0	7264	0	420	0	0	0	3480	0	0	0	108	0	0	0	15780	0	0	0	0	0	0	0	0	0	0	0	1392	0	0	0	266	0	6210	0	1618	0	1130	0	0	0	142	0	1818	0	138	0	852	0	2970	0	0	0	0	0	0	0	198	0	0	0	0	0	0	0	0	0	0	0	0	0	0	0	0	0	0	
45664	Amygdala_L	0	0	0	0	0	0	0	0	0	0	0	0	0	0	130	0	0	0	0	0	284	0	0	0	0	0	0	0	950	0	0	0	0	0	0	0	6654	0	1908	0	0	0	0	0	0	0	0	0	0	0	0	0	0	0	5282	0	0	0	0	0	0	0	0	0	0	0	0	0	0	0	778	0	620	0	0	0	194	0	0	0	0	0	1244	0	242	0	852	0	3694	0	0	0	0	0	0	0	0	0	0	0	0	0	0	0	0	0	0	0	0	0	0	0	0	0	0	0	
66232	Amygdala_R	0	0	0	0	0	108	0	0	0	0	0	0	0	0	0	332	0	0	0	0	0	1344	0	0	0	0	0	352	0	1478	0	0	0	0	0	0	0	8508	0	7264	0	0	0	0	0	0	0	0	0	0	0	0	0	0	0	8276	0	0	0	0	0	0	0	0	0	0	0	0	0	0	0	106	0	1442	0	0	0	142	0	0	0	0	0	2596	0	0	0	398	0	770	0	0	0	0	0	0	0	0	0	0	0	0	0	0	0	0	0	0	0	0	0	0	0	0	0	0	
253264	Calcarine_L	166	0	0	0	0	0	0	0	0	0	0	0	0	0	0	0	0	0	0	0	0	0	0	0	0	0	0	0	352	0	0	0	322	0	1746	0	1324	0	1062	0	0	0	0	5970	18454	2960	13390	2586	8406	1318	24304	188	5716	164	5040	644	122	0	0	0	0	0	0	0	0	0	13530	614	416	0	0	0	0	0	0	0	116	0	262	0	280	0	0	0	2388	0	0	0	1600	0	176	1264	0	226	0	0	456	2872	590	2394	0	0	0	114	0	298	0	110	0	0	3314	246	530	304	298	0	
308612	Calcarine_R	104	330	0	0	0	0	0	0	0	0	0	146	0	0	0	0	0	0	0	222	0	0	0	0	0	0	0	0	0	548	0	0	108	1438	0	1184	0	1104	0	420	0	0	5970	0	6148	25634	1310	20624	866	23984	272	18612	0	2592	0	9224	0	702	0	272	0	162	0	356	0	174	690	21892	100	230	0	0	0	0	0	0	0	0	0	414	0	284	0	0	0	4940	0	0	0	3124	0	0	0	0	0	0	0	0	0	0	0	0	0	0	0	0	0	0	0	0	0	126	0	0	0	0	
194100	Cuneus_L	528	0	0	0	0	0	0	0	0	0	0	0	0	0	0	0	142	0	0	0	0	0	0	0	0	0	0	0	436	0	0	0	1388	0	2322	0	148	0	0	0	0	0	18454	6148	0	6726	3942	634	17136	2318	13278	422	2474	0	896	0	344	0	530	0	316	0	0	0	320	0	13598	1230	1100	0	0	0	0	0	0	0	0	0	234	0	122	0	0	0	1196	0	0	0	668	0	0	0	0	0	0	0	0	0	0	0	0	0	0	0	0	0	0	0	0	0	0	0	0	0	0	0	
247844	Cuneus_R	0	282	0	0	0	0	0	0	0	0	0	126	0	0	0	0	0	0	0	372	0	0	0	0	0	0	0	0	0	136	0	0	146	1122	0	746	0	0	0	0	0	0	2960	25634	6726	0	186	3644	582	34758	256	14300	0	184	0	530	0	312	0	2208	0	172	0	1222	0	778	2348	20628	0	564	0	0	0	0	0	0	0	0	0	0	0	258	0	0	0	2056	0	0	0	686	0	0	0	0	0	0	0	0	0	0	0	0	0	0	0	0	0	0	0	0	0	0	0	0	0	0	
272436	Lingual_L	0	0	0	0	0	0	0	0	0	0	0	0	0	0	0	0	0	0	0	0	0	0	0	0	0	0	0	0	154	0	0	0	0	0	490	148	4826	168	4518	0	0	0	13390	1310	3942	186	0	2882	3450	0	14298	0	6552	268	18660	592	0	0	0	0	0	0	0	0	0	0	4062	0	0	0	0	0	334	0	0	0	664	294	0	0	0	0	0	0	128	0	0	0	394	0	7176	1048	2060	354	120	292	10978	2514	15076	3040	158	0	216	154	0	218	0	0	0	182	5400	3886	1368	0	150	118	
232812	Lingual_R	0	0	0	0	0	0	0	0	0	0	0	0	0	0	0	0	0	0	0	0	0	0	0	0	0	0	0	0	0	0	0	0	0	0	0	910	0	4076	270	3480	0	0	2586	20624	634	3644	2882	0	0	5274	0	7198	398	5772	392	17552	0	0	0	0	0	0	0	0	0	0	166	6588	0	0	0	0	0	290	0	254	0	570	0	0	0	0	0	0	0	540	0	0	0	754	962	2692	284	470	0	398	1226	4220	2318	6446	0	0	114	0	298	0	0	0	0	0	3934	5982	1880	0	208	120	
182284	Occipital_Sup_L	516	0	0	0	0	0	0	0	0	0	0	0	0	0	0	0	112	0	0	0	0	0	0	0	0	0	0	0	238	0	0	0	2226	314	1122	170	0	0	0	0	0	0	8406	866	17136	582	3450	0	0	152	21984	0	1508	0	522	0	554	0	7898	0	3322	0	0	0	2520	0	14838	538	654	0	0	0	0	0	0	0	0	0	0	0	0	0	0	0	1172	0	0	0	342	0	0	0	0	0	0	0	0	0	0	0	0	0	0	0	0	0	0	0	0	0	0	0	0	0	0	0	
326204	Occipital_Sup_R	0	432	0	0	0	0	0	0	0	0	0	218	0	0	0	0	0	338	132	594	0	0	0	0	0	0	0	0	0	326	0	0	136	754	0	1052	0	0	0	0	0	0	1318	23984	2318	34758	0	5274	152	0	0	33678	0	1174	0	1312	0	1228	0	9656	0	1202	0	4266	0	7452	1248	20130	114	2340	0	0	0	0	0	0	0	0	0	170	0	614	0	0	0	4960	0	0	0	1772	0	0	0	0	0	0	0	0	0	0	0	0	0	0	0	0	0	0	0	0	0	0	0	0	0	0	
454888	Occipital_Mid_L	2320	0	134	0	0	0	170	0	0	0	0	0	0	0	0	0	3438	0	0	0	0	0	0	0	0	0	0	0	2808	0	0	0	2834	416	2864	138	1378	0	306	0	0	0	24304	272	13278	256	14298	0	21984	0	0	0	21880	0	8306	0	5128	0	15008	0	18428	0	1906	0	18144	0	19104	808	1946	0	0	0	0	0	0	0	244	0	1518	0	1976	0	0	0	15266	0	0	0	4890	0	250	0	0	0	0	0	346	0	776	0	0	0	0	0	0	0	0	0	0	0	202	120	0	0	0	0	
351220	Occipital_Mid_R	0	996	0	0	0	0	0	0	0	0	0	220	0	0	0	0	0	0	370	1546	0	0	0	0	0	0	0	0	0	374	0	0	374	1892	0	2276	0	0	0	108	0	0	188	18612	422	14300	0	7198	0	33678	0	0	0	4864	0	5502	0	1592	0	6082	0	4288	0	3866	0	17546	648	14990	188	2700	0	0	0	0	0	0	0	0	0	214	0	1586	0	0	0	22156	0	0	0	6834	0	0	0	0	0	0	0	0	0	0	0	0	0	0	0	0	0	0	0	0	0	0	0	0	0	0	
141368	Occipital_Inf_L	586	0	0	0	0	0	0	0	0	0	0	0	0	0	0	0	852	0	0	0	0	0	0	0	0	0	0	0	586	0	0	0	0	0	348	0	202	0	0	0	0	0	5716	0	2474	0	6552	398	1508	0	21880	0	0	0	9570	0	404	0	0	0	146	0	0	0	184	0	1830	0	284	0	0	0	0	0	0	0	0	0	218	0	188	0	0	0	3652	0	0	0	2936	0	1106	0	554	0	0	0	1888	182	4182	384	0	0	0	0	0	0	0	0	0	0	784	802	288	0	0	0	
69332	Occipital_Inf_R	0	0	0	0	0	0	0	0	0	0	0	0	0	0	0	0	0	0	0	0	0	0	0	0	0	0	0	0	0	0	0	0	0	0	0	0	0	0	0	0	0	0	164	2592	0	184	268	5772	0	1174	0	4864	0	0	0	8400	0	0	0	0	0	0	0	0	0	0	0	434	0	0	0	0	0	0	0	0	0	0	0	0	0	0	0	0	0	996	0	0	0	4438	0	542	0	180	0	0	0	390	330	2010	0	0	0	0	0	0	0	0	0	0	508	1206	214	0	0	0	
376556	Fusiform_L	306	184	928	118	0	0	474	0	0	0	0	120	0	0	0	0	452	0	0	122	146	0	0	0	0	0	0	0	4734	0	0	0	0	0	796	584	19128	528	7532	0	5282	0	5040	0	896	0	18660	392	522	0	8306	0	9570	0	0	112	122	0	0	0	0	0	0	0	0	0	2064	0	0	0	582	0	4554	204	0	0	848	794	480	0	2070	0	1164	0	3380	0	1574	0	18708	0	19534	230	2222	0	100	0	12492	324	26334	666	1066	0	1122	0	0	0	0	0	0	0	1264	1040	408	0	0	0	
378712	Fusiform_R	0	702	380	876	0	0	0	0	0	104	0	556	0	0	0	0	0	590	306	1036	0	154	0	0	0	0	0	208	0	4722	0	0	0	188	170	1176	0	25614	0	15780	0	8276	644	9224	0	530	592	17552	0	1312	0	5502	0	8400	112	0	0	178	0	0	0	0	0	0	0	0	104	6102	0	186	0	420	0	6500	0	516	0	898	0	282	0	1706	0	3662	0	3096	0	2916	0	18772	138	11188	0	564	0	0	210	5618	666	14868	0	190	0	216	0	0	0	0	0	0	2022	2822	810	0	0	0	
262208	Postcentral_L	28266	2212	2478	868	0	0	4984	364	0	0	4434	512	0	0	0	0	8820	0	344	964	0	0	180	0	0	0	0	0	8104	0	0	0	0	464	5130	1398	314	0	0	0	0	0	122	0	344	0	0	0	554	0	5128	0	404	0	122	0	0	0	6664	0	21732	0	6882	0	2462	0	1476	318	832	112	566	214	908	0	156	0	344	0	3156	0	3396	0	0	0	3362	0	0	0	2014	0	0	0	0	0	0	0	0	0	0	0	0	0	0	0	0	0	0	0	0	0	0	0	0	0	0	0	
179368	Postcentral_R	402	13600	1060	898	0	0	154	960	0	0	0	5732	0	98	0	0	0	2872	902	2480	0	0	0	0	0	0	0	0	0	916	0	0	0	562	220	1424	0	218	0	0	0	0	0	702	0	312	0	0	0	1228	0	1592	0	0	0	178	0	0	0	6976	0	13244	0	15586	0	1702	176	4944	122	4666	386	1156	138	494	0	136	0	608	0	772	0	1002	0	0	0	918	0	0	0	148	0	0	0	0	0	0	0	0	0	0	0	0	0	0	0	0	0	0	0	0	0	0	0	0	0	0	
127752	Parietal_Sup_L	346	0	0	0	0	0	0	0	0	0	0	0	0	0	0	0	646	0	0	0	0	0	0	0	0	0	0	0	432	0	0	0	432	0	124	0	0	0	0	0	0	0	0	0	530	0	0	0	7898	0	15008	0	0	0	0	0	6664	0	0	0	13910	0	284	0	4844	0	11312	268	188	0	0	0	0	0	0	0	0	0	298	0	386	0	0	0	200	0	0	0	106	0	0	0	0	0	0	0	0	0	0	0	0	0	0	0	0	0	0	0	0	0	0	0	0	0	0	0	
107844	Parietal_Sup_R	0	396	0	0	0	0	0	0	0	0	0	334	0	0	0	0	0	0	0	0	0	0	0	0	0	0	0	0	0	0	0	0	0	0	0	0	0	0	0	0	0	0	0	272	0	2208	0	0	0	9656	0	6082	0	0	0	0	0	6976	0	0	0	5862	0	2390	0	6610	1612	9400	0	2024	0	0	0	0	0	0	0	0	0	0	0	100	0	0	0	0	0	0	0	0	0	0	0	0	0	0	0	0	0	0	0	0	0	0	0	0	0	0	0	0	0	0	0	0	0	0	
220932	Parietal_Inf_L	4224	384	488	122	0	0	620	220	0	0	0	0	0	0	0	0	1336	0	0	0	0	0	114	0	0	0	0	0	1390	0	0	0	638	148	960	0	0	0	0	0	0	0	0	0	316	0	0	0	3322	0	18428	0	146	0	0	0	21732	0	13910	0	0	0	7034	0	24178	0	2328	232	498	0	390	100	316	0	0	0	0	0	498	0	1006	0	0	0	4440	0	0	0	948	0	0	0	0	0	0	0	0	0	0	0	0	0	0	0	0	0	0	0	0	0	0	0	0	0	0	0	
123444	Parietal_Inf_R	114	2798	498	116	0	0	0	126	0	0	0	2716	0	0	0	0	0	254	424	332	0	0	0	0	0	0	0	0	0	162	0	0	0	0	0	0	0	0	0	0	0	0	0	162	0	172	0	0	0	1202	0	4288	0	0	0	0	0	13244	0	5862	0	0	0	16508	0	10358	0	312	0	126	214	194	0	0	0	0	0	0	0	100	0	220	0	0	0	1220	0	0	0	0	0	0	0	0	0	0	0	0	0	0	0	0	0	0	0	0	0	0	0	0	0	0	0	0	0	0	
92248	SupraMarginal_L	1258	0	360	0	0	0	536	0	0	0	360	0	0	0	0	0	2220	0	0	0	0	0	102	0	0	0	0	0	2628	0	0	0	0	0	1132	0	0	0	0	0	0	0	0	0	0	0	0	0	0	0	1906	0	0	0	0	0	6882	0	284	0	7034	0	0	0	3708	0	1558	0	0	0	0	0	0	0	0	0	0	0	1192	0	5824	0	0	0	6524	0	0	0	2616	0	0	0	0	0	0	0	0	0	0	0	0	0	0	0	0	0	0	0	0	0	0	0	0	0	0	0	
134052	SupraMarginal_R	122	2714	160	110	0	0	104	136	0	0	0	2416	0	0	0	0	0	2886	0	316	0	0	0	0	0	0	0	0	0	280	0	0	0	0	0	412	0	0	0	0	0	0	0	356	0	1222	0	0	0	4266	0	3866	0	0	0	0	0	15586	0	2390	0	16508	0	0	0	4418	0	2128	0	250	238	400	0	0	0	0	0	0	0	732	0	3020	0	0	0	1744	0	0	0	246	0	0	0	0	0	0	0	0	0	0	0	0	0	0	0	0	0	0	0	0	0	0	0	0	0	0	
145332	Angular_L	372	0	0	0	0	0	0	0	0	0	0	0	0	0	0	0	0	0	0	0	0	0	0	0	0	0	0	0	222	0	0	0	820	172	0	0	0	0	0	0	0	0	0	0	320	0	0	0	2520	0	18144	0	184	0	0	0	2462	0	4844	0	24178	0	3708	0	0	0	2032	280	606	0	0	0	0	0	0	0	0	0	172	0	1304	0	0	0	8914	0	0	0	1412	0	0	0	0	0	0	0	0	0	0	0	0	0	0	0	0	0	0	0	0	0	0	0	0	0	0	0	
122804	Angular_R	0	246	0	0	0	0	0	0	0	0	0	240	0	0	0	0	0	98	0	122	0	0	0	0	0	0	0	0	0	148	0	0	0	104	0	0	0	0	0	0	0	0	0	174	0	778	0	0	0	7452	0	17546	0	0	0	0	0	1702	0	6610	0	10358	0	4418	0	0	0	1120	0	398	0	0	0	0	0	0	0	0	0	0	0	2870	0	0	0	6712	0	0	0	306	0	0	0	0	0	0	0	0	0	0	0	0	0	0	0	0	0	0	0	0	0	0	0	0	0	0	
288596	Precuneus_L	1486	0	416	0	0	0	392	0	0	0	108	0	0	0	0	0	830	0	382	476	0	0	0	0	0	0	0	0	1800	0	0	0	5514	2368	8872	2316	2216	458	1974	0	0	0	13530	690	13598	2348	4062	166	14838	1248	19104	648	1830	0	2064	104	1476	176	11312	1612	2328	0	1558	0	2032	0	0	9536	2370	208	116	0	0	262	0	0	254	524	420	0	450	0	0	0	3296	0	0	0	2530	0	0	0	0	0	0	0	0	0	0	0	0	0	0	0	0	0	0	0	0	0	0	0	0	0	0	0	
389016	Precuneus_R	564	3302	218	304	0	0	0	168	0	0	0	294	0	0	0	0	0	216	1072	5608	0	0	0	0	0	0	0	0	0	696	0	0	1750	11454	1346	17870	258	4958	0	1392	0	0	614	21892	1230	20628	0	6588	538	20130	808	14990	0	434	0	6102	318	4944	268	9400	232	312	0	2128	280	1120	9536	0	1712	8846	0	116	0	132	0	0	0	620	0	622	0	552	0	0	194	4634	0	0	232	2662	0	0	0	0	0	0	0	0	0	0	0	0	0	0	0	0	0	0	0	0	224	0	0	0	0	0	
121072	Paracentral_Lobule_L	9488	3088	754	1536	0	0	0	0	0	0	0	0	0	0	0	0	312	0	5662	9356	0	0	0	0	0	0	0	0	136	0	0	0	2646	5204	4706	2476	0	0	0	0	0	0	416	100	1100	0	0	0	654	114	1946	188	284	0	0	0	832	122	188	0	498	0	0	0	606	0	2370	1712	0	3016	128	0	0	140	0	132	104	0	166	0	232	0	0	0	124	0	0	0	0	0	0	0	0	0	0	0	0	0	0	0	0	0	0	0	0	0	0	0	0	0	0	0	0	0	0	0	
114632	Paracentral_Lobule_R	272	2794	0	0	0	0	0	0	0	0	0	0	0	0	0	0	0	0	1086	10870	0	0	0	0	0	0	0	0	0	148	0	0	320	8060	386	4854	0	0	0	0	0	0	0	230	0	564	0	0	0	2340	0	2700	0	0	0	186	112	4666	0	2024	0	126	0	250	0	398	208	8846	3016	0	0	0	0	0	0	0	0	0	0	206	0	222	0	0	0	2114	0	0	0	318	0	0	0	0	0	0	0	0	0	0	0	0	0	0	0	0	0	0	0	0	0	0	0	0	0	0	
473468	Caudate_L	4508	1886	18564	7838	3196	1510	9174	2846	910	0	3290	3208	414	3330	1198	290	1346	440	1922	7204	8944	9768	1810	692	444	310	1142	1610	9332	1098	8226	5164	0	304	134	0	914	896	272	0	778	0	0	0	0	0	0	0	0	0	0	0	0	0	582	0	566	386	0	0	390	214	0	238	0	0	116	0	128	0	0	28790	31902	15004	8134	7628	13574	2696	346	0	326	0	478	0	0	0	0	0	324	0	0	0	0	0	0	0	0	0	0	0	0	0	0	0	0	0	0	0	0	0	0	0	0	0	0	0	
625920	Caudate_R	3320	3338	9258	25758	800	9456	5796	2130	276	362	1384	2972	138	2520	464	1890	302	1558	996	26914	5174	10472	2820	8406	104	6630	0	5322	3162	4626	5660	24322	0	3044	0	0	134	1092	0	266	0	106	0	0	0	0	0	0	0	0	0	0	0	0	0	420	214	1156	0	0	100	194	0	400	0	0	0	116	0	0	28790	0	18666	39846	5646	12506	2588	20382	152	368	0	136	122	0	0	0	0	0	0	186	0	0	0	0	0	0	0	0	0	0	0	0	0	0	0	0	0	0	0	0	0	0	0	0	0	0	
589680	Putamen_L	5714	972	33722	4626	9106	1214	16436	1438	2354	0	2322	566	1780	0	5456	256	2186	298	3132	3774	7314	8438	3466	600	1280	256	4140	1508	32866	578	11318	3094	0	134	384	490	10554	2010	3762	0	620	0	0	0	0	0	334	0	0	0	0	0	0	0	4554	0	908	138	0	0	316	0	0	0	0	0	0	0	0	0	31902	18666	0	12346	11732	6338	4594	1440	1430	0	3346	0	3194	0	388	0	0	0	4152	0	466	0	0	0	0	0	0	0	432	0	0	0	0	0	0	0	0	0	0	0	0	0	0	0	0	0	
569920	Putamen_R	1952	962	8104	20946	344	9714	4622	2286	140	1366	592	3164	132	2304	360	2040	254	2876	1826	15658	2552	5118	1512	9182	0	6398	0	4492	2102	20406	3396	13970	0	948	1056	1246	928	15460	546	6210	0	1442	0	0	0	0	0	290	0	0	0	0	0	0	204	6500	0	494	0	0	0	0	0	0	0	0	262	132	140	0	15004	39846	12346	0	2966	15730	286	10156	160	142	0	192	0	284	0	0	0	0	122	3098	0	0	0	0	0	0	0	0	0	0	0	0	0	0	0	0	0	0	0	0	0	0	0	0	0	0	
111500	Pallidum_L	1192	378	8556	640	128	142	3116	0	0	0	0	224	0	0	0	0	272	0	332	768	704	1946	124	0	0	0	0	100	1208	0	314	156	0	0	0	0	664	0	122	0	0	0	0	0	0	0	0	0	0	0	0	0	0	0	0	0	156	0	0	0	0	0	0	0	0	0	0	0	0	0	8134	5646	11732	2966	0	3504	2336	190	0	0	0	0	0	0	0	0	0	0	0	0	0	0	0	0	0	0	0	0	0	0	0	0	0	0	0	0	0	0	0	0	0	0	0	0	0	0	
163656	Pallidum_R	738	670	2892	4342	0	1530	1700	164	0	158	0	660	0	430	0	160	0	284	340	3632	350	1752	126	1214	0	1142	0	328	462	1480	704	2490	0	146	320	338	366	2302	128	1618	0	0	0	0	0	0	0	254	0	0	0	0	0	0	0	516	0	136	0	0	0	0	0	0	0	0	0	0	132	0	7628	12506	6338	15730	3504	0	0	2118	0	0	0	0	0	0	0	0	0	0	0	0	0	0	0	0	0	0	0	0	0	0	0	0	0	0	0	0	0	0	0	0	0	0	0	0	0	0	
148740	Thalamus_L	2772	2218	9674	2438	0	0	3738	148	0	0	0	1080	0	0	0	0	548	98	988	2368	332	130	0	0	0	0	0	0	2014	0	138	202	0	0	276	202	4604	0	2192	0	194	0	116	0	0	0	664	0	0	0	244	0	0	0	848	0	344	0	0	0	0	0	0	0	0	0	254	0	104	0	13574	2588	4594	286	2336	0	0	10012	378	0	534	0	0	0	422	0	0	0	718	0	0	0	0	0	0	0	0	0	0	0	0	0	0	0	0	0	0	0	0	0	0	0	0	0	0	0	
234916	Thalamus_R	2666	3592	2036	7100	98	0	1244	432	0	0	0	2624	0	230	0	0	264	1786	730	12892	0	124	0	0	0	0	0	0	1586	1456	0	100	0	206	4104	5318	4766	6858	1896	1130	0	142	0	0	0	0	294	570	0	0	0	0	0	0	794	898	0	608	0	0	0	0	0	0	0	0	524	620	0	0	2696	20382	1440	10156	190	2118	10012	0	544	320	330	244	0	0	138	0	0	0	462	492	124	0	0	0	0	0	0	0	122	0	0	0	0	0	0	0	0	0	0	0	0	0	0	0	0	0	
176012	Heschl_L	6876	170	3808	530	124	0	5874	198	0	0	2250	200	164	488	0	0	14008	0	1046	536	0	0	584	0	0	0	0	0	20490	0	242	134	0	110	944	288	1956	436	0	0	0	0	262	0	234	0	0	0	0	0	1518	0	218	0	480	0	3156	0	298	0	498	0	1192	0	172	0	420	0	166	0	346	152	1430	160	0	0	378	544	0	0	6240	0	332	0	5592	0	0	0	2762	0	0	0	0	0	0	0	0	0	0	0	0	0	0	0	0	0	0	0	0	0	0	0	0	0	0	0	
39984	Heschl_R	0	950	158	0	0	0	0	0	0	0	0	474	0	0	0	0	0	3304	150	278	0	0	0	0	0	0	0	0	0	4190	0	0	0	130	0	296	0	150	0	0	0	0	0	414	0	0	0	0	0	170	0	214	0	0	0	282	0	772	0	0	0	100	0	732	0	0	0	622	0	206	0	368	0	142	0	0	0	320	0	0	0	4338	0	224	0	744	0	0	0	264	0	0	0	0	0	0	0	0	0	0	0	0	0	0	0	0	0	0	0	0	0	0	0	0	0	0	
190048	Temporal_Sup_L	1922	114	2308	256	0	0	1312	130	0	0	1136	140	238	0	98	0	8856	0	430	284	0	0	0	0	0	0	0	0	10848	0	0	0	0	0	210	0	2636	344	118	0	0	0	280	0	122	0	0	0	0	0	1976	0	188	0	2070	0	3396	0	386	0	1006	0	5824	0	1304	0	450	0	232	0	326	0	3346	0	0	0	534	330	6240	0	0	0	6594	0	19782	0	324	0	8934	0	0	0	0	0	0	0	0	0	0	0	0	0	0	0	0	0	0	0	0	0	0	0	0	0	0	0	
100848	Temporal_Sup_R	0	680	240	0	0	0	0	0	0	0	0	414	0	0	0	0	0	6346	238	248	0	0	0	0	0	0	0	0	0	3948	0	0	0	142	0	134	0	720	0	142	0	0	0	284	0	258	0	0	0	614	0	1586	0	0	0	1706	0	1002	0	100	0	220	0	3020	0	2870	0	552	0	222	0	136	0	192	0	0	0	244	0	4338	0	0	0	3764	0	12440	0	210	0	3414	0	0	0	0	0	0	0	0	0	0	0	0	0	0	0	0	0	0	0	0	0	0	0	0	0	0	
112496	Temporal_Pole_Sup_L	712	0	1340	0	594	0	458	0	1578	0	2372	0	1554	106	4558	0	2518	0	312	0	442	110	200	0	0	0	0	0	7274	0	202	102	0	0	0	0	1234	130	1484	0	1244	0	0	0	0	0	0	0	0	0	0	0	0	0	1164	0	0	0	0	0	0	0	0	0	0	0	0	0	0	0	478	122	3194	0	0	0	0	0	332	0	6594	0	0	0	5900	0	5638	0	4302	0	0	0	0	0	0	0	0	0	0	0	0	0	0	0	0	0	0	0	0	0	0	0	0	0	0	0	
50172	Temporal_Pole_Sup_R	0	0	0	0	0	0	0	0	0	0	0	148	0	0	0	574	0	2460	0	0	0	100	0	0	0	0	0	0	0	1494	0	0	0	0	0	0	0	694	0	1818	0	2596	0	0	0	0	0	0	0	0	0	0	0	0	0	3662	0	0	0	0	0	0	0	0	0	0	0	0	0	0	0	0	0	284	0	0	0	0	0	224	0	3764	0	0	0	2066	0	3324	0	1878	0	0	0	0	0	0	0	0	0	0	0	0	0	0	0	0	0	0	0	0	0	0	0	0	0	0	
287908	Temporal_Mid_L	2988	100	266	100	0	0	186	0	0	0	132	0	0	0	0	0	1870	0	0	106	0	0	0	0	0	0	0	0	7106	0	0	0	354	0	1362	0	2664	0	160	0	242	0	2388	0	1196	0	128	0	1172	0	15266	0	3652	0	3380	0	3362	0	200	0	4440	0	6524	0	8914	0	3296	194	124	0	0	0	388	0	0	0	422	138	5592	0	19782	0	5900	0	0	0	5540	0	34214	0	0	0	0	0	0	0	0	0	106	0	0	0	0	0	0	0	0	0	0	0	0	0	0	0	0	0	
202476	Temporal_Mid_R	0	1496	188	0	0	0	0	0	0	0	0	434	0	0	0	0	0	866	204	1328	0	0	0	0	0	0	0	0	0	1110	0	0	0	570	0	604	0	364	0	138	0	0	0	4940	0	2056	0	540	0	4960	0	22156	0	996	0	3096	0	918	0	0	0	1220	0	1744	0	6712	0	4634	0	2114	0	0	0	0	0	0	0	0	0	744	0	12440	0	2066	0	0	0	2834	0	19766	0	0	0	0	0	0	0	0	0	0	0	0	0	0	0	0	0	0	0	0	0	0	0	0	0	0	
42748	Temporal_Pole_Mid_L	0	0	0	0	0	0	0	0	0	0	0	0	0	0	0	0	0	0	0	0	0	0	0	0	0	0	0	0	0	0	0	0	0	0	0	0	758	0	1396	0	852	0	0	0	0	0	0	0	0	0	0	0	0	0	1574	0	0	0	0	0	0	0	0	0	0	0	0	0	0	0	0	0	0	0	0	0	0	0	0	0	324	0	5638	0	5540	0	0	0	5292	0	0	0	0	0	0	0	0	0	0	0	0	0	0	0	0	0	0	0	0	0	0	0	0	0	0	0	
28860	Temporal_Pole_Mid_R	0	0	0	0	0	0	0	0	0	0	0	0	0	0	0	0	0	0	0	0	0	0	0	0	0	0	0	0	0	0	0	0	0	0	0	0	0	0	0	852	0	398	0	0	0	0	0	0	0	0	0	0	0	0	0	2916	0	0	0	0	0	0	0	0	0	0	0	0	0	0	0	0	0	0	0	0	0	0	0	0	0	210	0	3324	0	2834	0	0	0	3896	0	0	0	0	0	0	0	0	0	0	0	0	0	0	0	0	0	0	0	0	0	0	0	0	0	0	
287996	Temporal_Inf_L	2038	160	1188	98	0	0	532	0	0	0	0	0	0	0	0	0	950	0	0	192	0	0	0	0	0	0	0	0	9096	0	0	0	290	100	1168	366	14586	408	2452	0	3694	0	1600	0	668	0	394	0	342	0	4890	0	2936	0	18708	0	2014	0	106	0	948	0	2616	0	1412	0	2530	232	0	0	324	0	4152	122	0	0	718	462	2762	0	8934	0	4302	0	34214	0	5292	0	0	0	3384	0	310	0	0	0	0	0	1830	0	236	0	242	0	0	0	0	0	0	0	0	0	0	0	0	0	
189860	Temporal_Inf_R	0	598	374	638	0	0	0	0	0	0	0	504	0	0	0	0	0	528	300	874	0	0	0	0	0	0	0	0	0	3616	0	0	0	134	162	662	0	9060	0	2970	0	770	0	3124	0	686	0	754	0	1772	0	6834	0	4438	0	18772	0	148	0	0	0	0	0	246	0	306	0	2662	0	318	0	186	0	3098	0	0	0	492	0	264	0	3414	0	1878	0	19766	0	3896	0	0	0	686	0	0	0	0	0	0	0	0	0	0	0	0	0	0	0	0	0	0	0	0	0	0	0	0	
384312	Cerebelum_Crus1_L	0	0	202	0	0	0	176	0	0	0	0	0	0	0	0	0	160	0	0	0	0	0	0	0	0	0	0	0	434	0	0	0	0	0	126	102	1176	0	366	0	0	0	176	0	0	0	7176	962	0	0	250	0	1106	0	19534	138	0	0	0	0	0	0	0	0	0	0	0	0	0	0	0	0	466	0	0	0	0	124	0	0	0	0	0	0	0	0	0	0	3384	0	0	1536	27624	1166	370	248	17574	822	47180	3396	14254	0	15412	1050	3900	2194	1582	280	216	432	2354	4762	5872	1976	1898	0	
357184	Cerebelum_Crus1_R	0	0	0	0	0	0	0	0	0	0	0	0	0	0	0	0	0	0	0	0	0	0	0	0	0	0	0	0	0	0	0	0	0	0	0	0	0	110	0	0	0	0	1264	0	0	0	1048	2692	0	0	0	0	0	542	230	11188	0	0	0	0	0	0	0	0	0	0	0	0	0	0	0	0	0	0	0	0	0	0	0	0	0	0	0	0	0	0	0	0	0	686	1536	0	950	31834	0	2408	1364	20864	1794	52998	114	4640	164	15802	126	2686	0	2286	0	1590	7638	4406	6682	374	576	0	
270748	Cerebelum_Crus2_L	0	0	0	0	0	0	0	0	0	0	0	0	0	0	0	0	0	0	0	0	0	0	0	0	0	0	0	0	0	0	0	0	0	0	0	0	0	0	0	0	0	0	0	0	0	0	2060	284	0	0	0	0	554	0	2222	0	0	0	0	0	0	0	0	0	0	0	0	0	0	0	0	0	0	0	0	0	0	0	0	0	0	0	0	0	0	0	0	0	310	0	27624	950	0	4792	0	0	1706	424	7200	1322	33328	2370	29128	4580	3638	1680	1292	0	0	184	612	928	6242	1580	364	0	
274596	Cerebelum_Crus2_R	0	0	0	0	0	0	0	0	0	0	0	0	0	0	0	0	0	0	0	0	0	0	0	0	0	0	0	0	0	0	0	0	0	0	0	0	0	0	0	0	0	0	226	0	0	0	354	470	0	0	0	0	0	180	0	564	0	0	0	0	0	0	0	0	0	0	0	0	0	0	0	0	0	0	0	0	0	0	0	0	0	0	0	0	0	0	0	0	0	0	1166	31834	4792	0	0	600	594	2270	796	12918	1810	23378	1766	31954	0	6952	0	844	0	122	1754	1998	8818	754	384	0	
20048	Cerebelum_3_L	0	0	0	0	0	0	0	0	0	0	0	0	0	0	0	0	0	0	0	0	0	0	0	0	0	0	0	0	0	0	0	0	0	0	0	0	0	0	108	0	0	0	0	0	0	0	120	0	0	0	0	0	0	0	100	0	0	0	0	0	0	0	0	0	0	0	0	0	0	0	0	0	0	0	0	0	0	0	0	0	0	0	0	0	0	0	0	0	0	0	370	0	0	0	0	0	5540	0	582	0	0	0	0	0	494	0	0	0	618	2092	0	0	0	0	0	0	
44436	Cerebelum_3_R	0	0	0	0	0	0	0	0	0	0	0	0	0	0	0	0	0	0	0	0	0	0	0	0	0	0	0	0	0	0	0	0	0	0	0	0	0	134	0	0	0	0	0	0	0	0	292	398	0	0	0	0	0	0	0	0	0	0	0	0	0	0	0	0	0	0	0	0	0	0	0	0	0	0	0	0	0	0	0	0	0	0	0	0	0	0	0	0	0	0	248	2408	0	600	0	0	628	4692	328	3730	0	0	0	492	0	714	0	0	340	4088	2302	338	288	0	198	0	
242244	Cerebelum_4_5_L	0	0	0	0	0	0	0	0	0	0	0	0	0	0	0	0	0	0	0	0	0	0	0	0	0	0	0	0	0	0	0	0	0	0	0	0	166	0	1042	0	0	0	456	0	0	0	10978	1226	0	0	346	0	1888	0	12492	210	0	0	0	0	0	0	0	0	0	0	0	0	0	0	0	0	0	0	0	0	0	0	0	0	0	0	0	0	0	0	0	0	0	0	17574	1364	1706	594	5540	628	0	3344	29324	3536	2182	0	1998	154	3586	756	1050	0	706	2412	10300	3242	524	118	908	772	
210396	Cerebelum_4_5_R	0	0	0	0	0	0	0	0	0	0	0	0	0	0	0	0	0	0	0	0	0	0	0	0	0	0	0	0	0	0	0	0	0	0	0	0	0	0	0	198	0	0	2872	0	0	0	2514	4220	0	0	0	0	182	390	324	5618	0	0	0	0	0	0	0	0	0	0	0	0	0	0	0	0	0	0	0	0	0	0	0	0	0	0	0	0	0	0	0	0	0	0	822	20864	424	2270	0	4692	3344	0	1584	27310	144	192	224	1264	394	1356	0	740	0	2658	14606	2056	1974	744	1070	148	
375992	Cerebelum_6_L	0	0	188	0	0	0	170	0	0	0	0	0	0	0	0	0	156	0	0	0	0	0	0	0	0	0	0	0	388	0	0	0	0	0	128	102	1168	0	374	0	0	0	590	0	0	0	15076	2318	0	0	776	0	4182	330	26334	666	0	0	0	0	0	0	0	0	0	0	0	0	0	0	0	0	432	0	0	0	0	122	0	0	0	0	0	0	106	0	0	0	1830	0	47180	1794	7200	796	582	328	29324	1584	0	4570	6646	0	6048	446	2580	1066	1030	202	384	738	6684	7990	3290	844	1022	232	
395216	Cerebelum_6_R	0	0	0	0	0	0	0	0	0	0	0	0	0	0	0	0	0	0	0	0	0	0	0	0	0	0	0	0	0	0	0	0	0	0	0	0	0	156	0	0	0	0	2394	0	0	0	3040	6446	0	0	0	0	384	2010	666	14868	0	0	0	0	0	0	0	0	0	0	0	0	0	0	0	0	0	0	0	0	0	0	0	0	0	0	0	0	0	0	0	0	0	0	3396	52998	1322	12918	0	3730	3536	27310	4570	0	316	1988	472	9276	364	3030	0	3720	0	2252	14066	10054	9480	1278	1424	144	
227704	Cerebelum_7b_L	0	0	0	0	0	0	0	0	0	0	0	0	0	0	0	0	0	0	0	0	0	0	0	0	0	0	0	0	0	0	0	0	0	0	0	0	0	0	0	0	0	0	0	0	0	0	158	0	0	0	0	0	0	0	1066	0	0	0	0	0	0	0	0	0	0	0	0	0	0	0	0	0	0	0	0	0	0	0	0	0	0	0	0	0	0	0	0	0	236	0	14254	114	33328	1810	0	0	2182	144	6646	316	0	1148	32666	4240	3950	1892	1024	112	0	104	432	218	2986	4214	612	0	
131088	Cerebelum_7b_R	0	0	0	0	0	0	0	0	0	0	0	0	0	0	0	0	0	0	0	0	0	0	0	0	0	0	0	0	0	0	0	0	0	0	0	0	0	0	0	0	0	0	0	0	0	0	0	0	0	0	0	0	0	0	0	190	0	0	0	0	0	0	0	0	0	0	0	0	0	0	0	0	0	0	0	0	0	0	0	0	0	0	0	0	0	0	0	0	0	0	0	4640	2370	23378	0	0	0	192	0	1988	1148	0	738	24564	0	3440	0	0	0	0	0	0	2092	804	0	0	
267580	Cerebelum_8_L	0	0	0	0	0	0	0	0	0	0	0	0	0	0	0	0	0	0	0	0	0	0	0	0	0	0	0	0	0	0	0	0	0	0	0	0	0	0	0	0	0	0	0	0	0	0	216	114	0	0	0	0	0	0	1122	0	0	0	0	0	0	0	0	0	0	0	0	0	0	0	0	0	0	0	0	0	0	0	0	0	0	0	0	0	0	0	0	0	242	0	15412	164	29128	1766	0	0	1998	224	6048	472	32666	738	0	5662	13748	4850	2824	182	0	132	590	384	4704	7540	2864	0	
265700	Cerebelum_8_R	0	0	0	0	0	0	0	0	0	0	0	0	0	0	0	0	0	0	0	0	0	0	0	0	0	0	0	0	0	0	0	0	0	0	0	0	0	0	0	0	0	0	114	0	0	0	154	0	0	0	0	0	0	0	0	216	0	0	0	0	0	0	0	0	0	0	0	0	0	0	0	0	0	0	0	0	0	0	0	0	0	0	0	0	0	0	0	0	0	0	1050	15802	4580	31954	0	492	154	1264	446	9276	4240	24564	5662	0	702	15744	0	2280	0	186	856	432	6778	4798	1106	0	
96848	Cerebelum_9_L	0	0	0	0	0	0	0	0	0	0	0	0	0	0	0	0	0	0	0	0	0	0	0	0	0	0	0	0	0	0	0	0	0	0	0	0	0	0	0	0	0	0	0	0	0	0	0	298	0	0	0	0	0	0	0	0	0	0	0	0	0	0	0	0	0	0	0	0	0	0	0	0	0	0	0	0	0	0	0	0	0	0	0	0	0	0	0	0	0	0	3900	126	3638	0	494	0	3586	394	2580	364	3950	0	13748	702	0	1914	5538	0	0	142	1010	720	1082	1996	1994	248	
147368	Cerebelum_9_R	0	0	0	0	0	0	0	0	0	0	0	0	0	0	0	0	0	0	0	0	0	0	0	0	0	0	0	0	0	0	0	0	0	0	0	0	0	0	0	0	0	0	298	0	0	0	218	0	0	0	0	0	0	0	0	0	0	0	0	0	0	0	0	0	0	0	0	0	0	0	0	0	0	0	0	0	0	0	0	0	0	0	0	0	0	0	0	0	0	0	2194	2686	1680	6952	0	714	756	1356	1066	3030	1892	3440	4850	15744	1914	0	152	3306	0	444	1830	2260	5236	5294	5560	812	
30216	Cerebelum_10_L	0	0	0	0	0	0	0	0	0	0	0	0	0	0	0	0	0	0	0	0	0	0	0	0	0	0	0	0	0	0	0	0	0	0	0	0	0	0	0	0	0	0	0	0	0	0	0	0	0	0	0	0	0	0	0	0	0	0	0	0	0	0	0	0	0	0	0	0	0	0	0	0	0	0	0	0	0	0	0	0	0	0	0	0	0	0	0	0	0	0	1582	0	1292	0	0	0	1050	0	1030	0	1024	0	2824	0	5538	152	0	0	0	0	0	0	218	212	186	0	
35004	Cerebelum_10_R	0	0	0	0	0	0	0	0	0	0	0	0	0	0	0	0	0	0	0	0	0	0	0	0	0	0	0	0	0	0	0	0	0	0	0	0	0	0	0	0	0	0	110	0	0	0	0	0	0	0	0	0	0	0	0	0	0	0	0	0	0	0	0	0	0	0	0	0	0	0	0	0	0	0	0	0	0	0	0	0	0	0	0	0	0	0	0	0	0	0	280	2286	0	844	0	0	0	740	202	3720	112	0	182	2280	0	3306	0	0	0	0	224	314	1044	1002	856	0	
14552	Vermis_1_2	0	0	0	0	0	0	0	0	0	0	0	0	0	0	0	0	0	0	0	0	0	0	0	0	0	0	0	0	0	0	0	0	0	0	0	0	0	0	0	0	0	0	0	0	0	0	0	0	0	0	0	0	0	0	0	0	0	0	0	0	0	0	0	0	0	0	0	0	0	0	0	0	0	0	0	0	0	0	0	0	0	0	0	0	0	0	0	0	0	0	216	0	0	0	618	340	706	0	384	0	0	0	0	0	0	0	0	0	0	3836	1176	0	0	0	0	0	
48468	Vermis_3	0	0	0	0	0	0	0	0	0	0	0	0	0	0	0	0	0	0	0	0	0	0	0	0	0	0	0	0	0	0	0	0	0	0	0	0	0	0	0	0	0	0	0	0	0	0	182	0	0	0	0	0	0	0	0	0	0	0	0	0	0	0	0	0	0	0	0	0	0	0	0	0	0	0	0	0	0	0	0	0	0	0	0	0	0	0	0	0	0	0	432	1590	184	122	2092	4088	2412	2658	738	2252	104	0	132	186	142	444	0	0	3836	0	2298	146	196	0	0	0	
193800	Vermis_4_5	0	0	0	0	0	0	0	0	0	0	0	0	0	0	0	0	0	0	0	0	0	0	0	0	0	0	0	0	0	0	0	0	0	0	0	0	0	0	0	0	0	0	3314	0	0	0	5400	3934	0	0	202	0	784	508	1264	2022	0	0	0	0	0	0	0	0	0	0	0	224	0	0	0	0	0	0	0	0	0	0	0	0	0	0	0	0	0	0	0	0	0	0	2354	7638	612	1754	0	2302	10300	14606	6684	14066	432	0	590	856	1010	1830	0	224	1176	2298	0	5500	1908	562	1504	1042	
141600	Vermis_6	0	0	0	0	0	0	0	0	0	0	0	0	0	0	0	0	0	0	0	0	0	0	0	0	0	0	0	0	0	0	0	0	0	0	0	0	0	0	0	0	0	0	246	126	0	0	3886	5982	0	0	120	0	802	1206	1040	2822	0	0	0	0	0	0	0	0	0	0	0	0	0	0	0	0	0	0	0	0	0	0	0	0	0	0	0	0	0	0	0	0	0	0	4762	4406	928	1998	0	338	3242	2056	7990	10054	218	0	384	432	720	2260	0	314	0	146	5500	0	5088	552	2074	1108	
176308	Vermis_7	0	0	0	0	0	0	0	0	0	0	0	0	0	0	0	0	0	0	0	0	0	0	0	0	0	0	0	0	0	0	0	0	0	0	0	0	0	0	0	0	0	0	530	0	0	0	1368	1880	0	0	0	0	288	214	408	810	0	0	0	0	0	0	0	0	0	0	0	0	0	0	0	0	0	0	0	0	0	0	0	0	0	0	0	0	0	0	0	0	0	0	5872	6682	6242	8818	0	288	524	1974	3290	9480	2986	2092	4704	6778	1082	5236	218	1044	0	196	1908	5088	0	4812	3342	0	
89168	Vermis_8	0	0	0	0	0	0	0	0	0	0	0	0	0	0	0	0	0	0	0	0	0	0	0	0	0	0	0	0	0	0	0	0	0	0	0	0	0	0	0	0	0	0	304	0	0	0	0	0	0	0	0	0	0	0	0	0	0	0	0	0	0	0	0	0	0	0	0	0	0	0	0	0	0	0	0	0	0	0	0	0	0	0	0	0	0	0	0	0	0	0	1976	374	1580	754	0	0	118	744	844	1278	4214	804	7540	4798	1996	5294	212	1002	0	0	562	552	4812	0	4826	0	
67852	Vermis_9	0	0	0	0	0	0	0	0	0	0	0	0	0	0	0	0	0	0	0	0	0	0	0	0	0	0	0	0	0	0	0	0	0	0	0	0	0	0	0	0	0	0	298	0	0	0	150	208	0	0	0	0	0	0	0	0	0	0	0	0	0	0	0	0	0	0	0	0	0	0	0	0	0	0	0	0	0	0	0	0	0	0	0	0	0	0	0	0	0	0	1898	576	364	384	0	198	908	1070	1022	1424	612	0	2864	1106	1994	5560	186	856	0	0	1504	2074	3342	4826	0	502	
10492	Vermis_10	0	0	0	0	0	0	0	0	0	0	0	0	0	0	0	0	0	0	0	0	0	0	0	0	0	0	0	0	0	0	0	0	0	0	0	0	0	0	0	0	0	0	0	0	0	0	118	120	0	0	0	0	0	0	0	0	0	0	0	0	0	0	0	0	0	0	0	0	0	0	0	0	0	0	0	0	0	0	0	0	0	0	0	0	0	0	0	0	0	0	0	0	0	0	0	0	772	148	232	144	0	0	0	0	248	812	0	0	0	0	1042	1108	0	0	502	0	
