153025
108828
149337
105115
151223
147737
151627
140925
123925
211720
128127
122620
161731
188347
126325
144832
123117
103818
114419
414229
138534
196750
129028
103414
190031
198451
151526
101107
124422
148840
221319
100408
116524
105014
366446
131217
857263
111312
178950
111716
128632
118730
149741
159340
113922
135932
192540
127933
280739
208226
176542
499566
154734
148335
136833
239944
118932
245333
160123
672756
110411
899885
211417
118528
162733
122317
214423
212318
125525
120111
130316
856766
133019
101915
654754
751348
101309
133928
131722
298051
100307
149539
130013
127630
117122
201111
189450
115320
792564
135225
146432
106016
397760
113619
163129
156637
139637
756055
199655